10000
970
29169
7283
26557
10538
21365
28976
28918
14536
14591
10190
11146
29587
18476
11763
8434
255
1760
11121
5480
2264
22003
850
12862
566
6146
1351
26786
27800
30619
2627
8717
10577
21010
16835
19654
28282
4252
23032
24272
14514
2215
804
20472
6371
28535
12009
21706
18603
28077
30896
8784
20796
31736
30212
28068
17971
23596
7293
17387
861
19641
11462
19580
9596
2263
25273
5476
20646
5189
25589
22260
3309
31056
6296
11314
13907
26878
4204
32513
31609
26985
19316
10068
9787
32256
31355
14044
18219
3556
27076
30066
9460
12789
18827
27232
11723
19282
23964
18631
19929
3067
17788
23940
29581
15629
1079
5254
32555
10278
18683
30979
9063
24856
18766
23787
28359
12117
11103
30259
7362
21463
22141
26936
17352
25531
4573
31984
8241
18112
13714
9093
21502
20241
728
4677
27125
12465
2145
17092
24446
7471
13112
23493
32744
9227
27106
17724
23649
5941
245
11921
7016
14767
13979
29207
16575
5806
14492
25435
19437
14419
24348
2071
26437
32304
26519
10503
29906
30019
20151
20041
25062
9138
58
15964
26965
27643
19467
30184
13624
2122
24683
8328
26885
604
32508
30648
8090
19201
17738
10069
14131
3438
21769
20303
10493
20364
27584
457
13184
14595
1175
18999
28137
11556
4846
30812
8819
2616
24444
15648
3523
10236
13037
25672
10163
23531
4131
14961
10676
6525
32470
4216
23506
20067
7096
8452
4992
25861
11198
7872
14078
7875
17578
18277
24877
31590
30408
13207
2154
18906
7438
29040
12743
11729
26789
23124
30289
23487
11588
16328
30429
25637
17742
21917
28215
26355
27033
10058
28389
22244
8653
6081
5067
14938
3717
29549
9923
30511
9850
26489
23783
24687
17977
31345
29598
28944
22967
4526
12085
17952
2782
4532
22222
10549
1414
8127
8185
30013
15689
30883
9171
20114
24289
15041
3255
24124
29970
14913
5778
18300
19204
10802
30205
30904
28537
29554
24310
11058
11623
26176
607
18431
14033
15896
12344
15673
13193
26075
24215
6733
4027
25235
18299
5780
9201
912
11629
2494
747
9265
8251
1788
15382
18824
12398
29880
11216
3431
24169
29074
7872
9619
30885
27336
11204
13598
15965
5422
5590
31932
16313
16481
11613
783
22388
4564
19175
28823
18952
4200
22867
29018
11420
9563
9905
6350
8476
31147
30756
30698
5153
6454
587
217
21196
19113
24977
5861
8741
31412
2349
4496
18820
26889
2523
22323
17302
10277
1026
24097
2669
27878
19873
26583
25325
959
24876
27023
1924
25389
25557
29749
32177
23885
9451
1159
10187
4714
8644
24773
27879
10962
5321
5157
29913
1345
32311
29941
15620
6650
19908
2423
17239
6409
2915
21362
8953
3767
16512
27479
20766
15693
32222
694
25457
18292
6149
27467
30741
29110
17321
18283
9878
26767
4093
8213
1506
27561
8332
18426
20778
12434
24220
10406
30991
27216
8320
30792
14040
32487
24928
9929
1924
30291
14031
269
3375
23734
9694
16630
28501
11636
3011
32169
21852
7412
16440
15011
11908
16593
10106
29002
22802
25001
3933
31680
10985
13920
19164
5237
7549
2061
26537
11257
29811
13572
10243
16620
25868
7112
29505
21833
22288
22908
24096
1856
30449
14943
29267
1016
31301
15795
20813
11417
7642
1775
19883
23154
15262
28627
27311
31883
17669
27149
17898
27601
21309
26553
7889
8903
7046
22442
21541
18704
6408
8781
5565
31513
3033
29314
28324
12644
8249
10842
4755
30926
25172
30795
15848
11566
13426
5534
11401
3955
26540
821
8157
27557
17466
9907
22655
23089
18407
25517
23373
2058
26760
10408
5524
6764
10603
25266
4177
18504
13483
14143
24237
4953
30162
16687
9974
9299
2274
14399
13501
2558
15083
5945
32513
4745
21781
13712
15856
12084
19304
22233
28918
7939
28182
2634
17361
1006
17358
17966
6180
24731
9222
30717
19664
32406
18900
29843
30121
1189
16536
19019
18451
20708
5355
19056
31691
7389
14835
1577
7331
18583
8263
20895
203
26035
9280
15993
18629
26808
4357
28787
814
18745
22694
2869
6931
15556
25604
15284
20525
1632
28576
15941
20736
8504
13299
28579
7572
19981
19694
29791
9212
15925
3684
21661
20873
7163
20644
8470
23130
9652
1671
13347
32124
880
2071
14593
2294
9740
29409
138
31605
22357
4374
32570
7361
31470
23068
23459
7556
14614
1469
32603
3824
2190
27622
26446
7779
2474
13191
19592
24781
15246
3460
30709
10909
6511
22909
29057
14953
27701
10564
17497
3906
30611
16174
15154
14986
10594
5121
10029
16895
17066
6740
369
12558
31509
30208
23638
21891
4290
31194
31145
18513
9598
857
30171
6141
8624
15398
31869
12802
1862
13846
32177
11250
18363
7930
21744
32
30305
29737
7912
22300
814
27938
24386
24019
9860
18039
9811
17089
21484
28704
30439
10639
23048
25818
30613
26774
325
30921
9716
24095
30249
25005
862
25793
19236
8070
17260
14221
19016
30857
25613
9172
15091
25695
12730
23673
14025
8161
22867
5605
19086
2850
24678
9954
17201
21376
21767
10827
20478
24653
20814
3219
25426
22433
15723
22836
16972
1402
23117
24555
14461
32505
1774
23715
6566
25010
14449
21721
18508
7855
6221
28382
22631
30837
5848
14366
19054
11724
21421
13172
15881
25352
9223
10753
21470
21241
22765
25669
23748
31927
12081
23983
24487
5820
16409
29664
12515
26680
18162
14100
25153
5839
9052
8374
9736
12442
12271
1554
29967
2104
8194
21513
10796
473
20832
29209
15954
11553
16638
28424
4284
5918
28296
16507
2293
15951
25086
26100
26775
21955
13663
17835
16152
19478
32110
25397
6999
15514
7955
1242
11290
18846
8749
8046
24908
30772
9744
15608
10587
9683
9558
31383
4479
29755
16387
23097
29807
7334
5697
25097
7386
28093
32491
22620
30335
23903
14032
2469
27858
12233
22553
5437
4139
18857
2398
6851
14746
5822
18567
25616
20030
15922
18628
28215
21025
31458
19895
17412
9355
20521
29995
11765
14471
32292
2511
13518
10528
5620
17406
20481
10723
15741
28101
1423
4862
3552
32145
28196
28364
4459
30514
30062
28425
22758
3129
2338
20000
3587
4488
10013
13385
1089
16259
28891
5832
14460
2671
32424
11384
24975
13027
28875
1012
29593
377
30436
2066
6870
8391
22941
20488
15580
1140
14450
5379
7859
27934
30460
23127
27186
10999
31086
29675
175
19776
6182
14416
19547
32246
31342
32298
251
12150
10400
26361
27216
312
32289
29103
23236
11279
21373
6154
10439
4740
9804
22436
31684
25817
24079
23288
8228
17476
3350
16037
24439
13563
26873
15930
8484
13884
30126
8524
11410
4810
22631
2299
20966
9403
20569
10765
16009
5628
1612
31164
8716
28342
21299
28235
7366
6890
14672
1416
17432
4978
3454
25392
29564
18666
31411
3661
13981
14103
7616
23235
28568
10970
18019
2959
9849
29249
3304
27554
32618
7632
8759
32502
25010
17393
17448
22160
18831
13190
22777
13593
21711
12799
8557
22374
32468
6749
14372
9067
8871
25535
16794
20630
15612
18312
13294
14592
6144
15395
30116
28256
25147
16745
20581
20099
9159
11416
5769
30981
18010
1148
16782
4996
25752
29298
19204
25578
27215
3158
28370
21321
22845
29888
23798
7669
20258
30129
10616
9602
27020
27475
31424
21016
21581
2068
11093
10012
13005
29644
30276
2303
32365
25429
25194
12226
18713
12422
13946
16316
27879
12416
13717
13
15421
8711
10461
22128
12034
1094
12883
4335
25317
3492
15281
29486
1852
20464
7899
12074
288
19456
21319
5471
28258
20501
23775
19716
25797
25855
25745
1449
2973
18992
12282
4546
17068
19325
5395
7564
13544
22682
10041
906
25892
16925
18629
27654
28558
12646
25901
14341
21674
775
16568
1624
4098
2238
32639
26549
14265
24136
21769
2473
29151
13361
19961
13783
32114
14519
702
580
17784
13273
25862
18306
31280
7076
28678
19036
18755
4343
10662
2767
13249
15506
10827
12418
1930
24830
9367
27417
8976
11120
4209
31565
4551
7474
24339
16276
8720
5235
23453
8283
24922
28636
11774
14877
1931
15977
25848
22183
2548
29226
28212
13729
12660
28453
10632
25512
23652
17507
24752
24584
8455
23402
28075
23677
23509
3996
16304
13598
6155
337
4625
30796
23999
4599
24002
9724
24897
16608
21742
943
9348
14482
6126
16223
11938
25218
21892
16028
31088
24311
23636
22622
30248
12653
9214
6621
32612
27594
26693
25197
19953
22662
14034
19947
31623
14874
29381
29326
8967
26791
25090
30957
9132
4734
15702
14688
9783
21505
20830
10003
822
25301
9398
10348
1213
30655
32405
24874
3669
23185
5297
24813
8177
32048
1986
13213
29342
20311
28093
17437
26798
6241
4717
15944
24566
15541
25076
26090
9579
31630
5859
20742
1452
11100
5853
7179
16201
15190
3621
9485
17667
31991
13901
17453
30485
27156
5774
4931
13220
14320
24081
1407
31179
24353
24808
15557
2769
14555
22398
283
2763
9873
19121
5951
14353
25693
22697
3407
15593
13110
12786
30381
23335
11992
19548
17352
19719
3392
14445
8358
31756
7616
1529
4403
7576
1089
23708
26014
11913
25171
6162
22603
2693
18544
29084
31790
30779
4101
3777
29099
28143
25040
3658
3093
17252
17732
3631
8542
30761
14342
12931
19702
21916
22310
26149
11483
6175
15371
13960
17260
13198
14499
13934
22443
30060
21994
25900
28441
12535
29730
25048
27589
11909
11429
599
22091
3641
30542
27106
29247
10257
10085
27290
13521
8387
26608
27228
24098
24266
27821
1476
15913
27085
4185
4933
14523
30652
4814
21789
22922
5211
19789
18326
31749
17755
22269
28359
1076
3669
18112
4631
14438
24987
1354
6798
85
9678
21464
21852
24787
21458
2635
13575
10591
3765
31054
2125
1954
13151
1362
6893
25334
12241
26965
17659
16489
12314
25346
19479
5766
22182
27200
32530
15610
11835
5235
22656
29369
11151
25322
26336
24479
28031
26107
31974
17140
2505
1940
24391
28789
24550
13500
1937
4151
7083
18649
141
1268
21914
22082
27638
6882
30292
21823
16915
2481
25265
4130
6836
11014
3455
32097
17550
14447
23274
12331
26322
3987
28909
30543
16842
612
20238
21539
27742
26154
17416
1510
20602
17273
32336
3853
23079
19750
4806
9558
1153
28793
2903
22639
7469
25174
25715
7274
7326
22386
19054
17927
665
28094
4577
8859
13541
13086
23067
9363
7702
30880
14864
9840
20783
32566
4819
16849
28409
32471
11092
10924
9397
24964
30071
4749
27420
739
13148
17543
8802
12485
13276
18
6728
24326
7571
10787
31009
27457
31006
12449
29821
22372
15436
1466
4682
14663
29943
2083
30786
22158
20274
27207
16041
15473
15812
10281
27146
6634
31278
16221
13228
8378
17962
13790
27528
16188
1186
21881
17709
6201
27650
2441
5370
407
17605
24431
1192
5679
29199
206
24627
5673
6577
2738
24978
1348
10932
16686
27342
6137
11885
30103
2048
18687
5600
14564
25281
22569
8245
27043
22984
20724
24444
9500
472
4928
23684
7326
24811
32590
23962
7604
14164
19353
25440
16305
6715
26451
19909
19773
30716
16499
18188
2679
17339
30313
16569
6982
1451
30832
29931
9792
26544
8754
25506
23866
27195
7001
4008
15345
17449
14856
15867
14792
12511
10764
20009
9069
24181
14820
9176
12392
22730
25213
5865
24529
4848
29321
25067
22135
27095
28619
18577
11354
27880
14588
1730
8663
4265
7759
28961
9448
17093
22679
13877
2143
19628
24023
15395
10563
4073
1254
8752
32272
25895
23302
28635
26601
14815
7592
23611
5729
332
31353
16629
28305
10197
13526
13071
19784
10848
6163
32221
8191
14058
3677
1930
6291
25068
14128
363
27600
16773
7950
28819
12629
8231
28813
24354
20915
9483
23923
16587
16758
26229
7388
8405
26088
19265
26537
12100
20218
13395
19821
5005
17753
27224
29933
25022
14308
29081
10726
27704
31253
21046
14049
24821
11227
7165
6282
19873
6505
1371
26693
8869
7965
29036
27286
1115
944
15494
15323
11056
17146
15396
28648
22161
12684
14544
10855
5608
15082
25063
28276
15021
29119
28575
26712
31843
5672
32573
20784
21685
2262
15740
13144
28314
2256
24927
2253
26750
7460
12478
20767
26744
14955
9934
19894
15719
27505
8102
28235
18138
22423
12460
2363
22496
7323
8111
18205
26888
11073
14625
23308
15975
2720
19017
6721
7869
14014
2564
31551
17563
28051
27239
32483
21088
12063
28079
7323
16684
4464
1361
18336
31927
25495
23125
5753
4229
26428
29980
86
26254
23997
15986
8054
20686
5174
29537
11432
3873
21129
30243
688
26856
15913
15461
28093
31080
24501
2899
13500
7633
18066
18008
26917
20070
17926
1568
2356
9405
15663
5059
32094
11225
12239
32259
28478
1461
25091
21570
27660
3914
11696
18125
25061
27428
28576
30152
15205
16726
87
10859
9222
3221
2259
14530
22874
17120
18641
2848
6006
6174
14597
16173
2918
18821
14646
30381
6748
10108
31087
6721
8300
8
29334
15083
11754
21002
18632
753
21732
20208
17612
21818
31066
4162
833
31796
9122
11602
26906
5133
20190
8233
2366
16690
31014
28959
23318
30254
30535
3011
12372
2501
940
15490
27612
20279
23831
22307
26571
14162
16868
11960
32319
1634
16071
2104
9886
13438
19528
25505
8866
25728
23471
13689
1280
13292
5000
1051
27952
24962
30114
29039
7437
15106
2810
29824
810
1937
23368
31770
31318
4414
25955
14300
2117
8827
3299
10855
28056
7920
10095
8458
31975
7215
32424
3321
21875
16347
15690
11564
26062
1699
798
31593
4973
10571
8375
4090
23380
24171
315
4997
4096
431
2914
27167
15665
29033
14483
29388
1415
32210
4747
26575
4298
8247
26465
410
30982
2896
9383
18295
829
7203
32302
8446
8278
4390
8452
22553
15617
12911
9359
6653
13763
14441
8196
18067
19591
17731
2448
15703
420
20220
19206
8040
25525
16051
15883
25754
6241
3158
2877
18218
30740
17262
26513
25670
23190
19864
19131
30920
18288
20771
2007
17067
2010
22146
2068
9627
10531
30612
3598
18038
19675
4673
24809
29943
23755
11123
6951
9434
74
20378
22128
12767
14575
17678
28001
31950
29638
26199
13793
10818
20973
5803
559
31806
5919
27634
31189
21266
9312
6606
26177
26855
2958
25012
21460
16500
5447
26316
1220
22089
17239
32525
7936
13635
28695
19954
22282
26063
7509
12191
11290
19695
29285
14115
16598
16204
26301
2277
20721
11980
1773
22600
17075
16174
1511
25031
10313
16180
21088
25770
14830
32654
15905
25495
31249
18236
30645
30590
21907
20893
8881
23828
15991
10747
19772
5448
20114
4944
13010
20188
9813
27298
11169
5079
6435
22228
19409
19919
11291
4187
2214
25508
18517
31504
31055
7312
4606
25081
10870
16737
29372
11890
32139
16236
2758
17931
3565
27085
30527
27201
25567
17165
32338
27207
9725
29861
18921
29018
8772
1216
23848
9411
1855
26221
29550
6033
14438
22110
11057
7731
28826
6268
26291
13885
26
24505
7023
4317
3529
16164
1220
31282
7991
1901
19725
4442
17190
14484
28769
24371
8242
22682
8584
17609
4864
32107
31939
18687
11751
17844
24670
9329
6865
21302
30330
10368
16458
6648
27007
29774
11443
7894
27068
5527
21830
10267
16263
31207
15081
23037
20328
15933
10686
14638
22927
15148
19607
25697
24234
24176
29665
28648
3949
30963
28034
8185
6548
12925
1136
20936
22124
24491
31827
3118
15149
21859
3815
32521
30325
8164
6527
9520
18655
19956
25820
11160
17537
14208
19471
11912
8137
28383
1879
21679
16545
9725
19367
30933
14016
10913
6518
22647
19844
22663
28475
13195
11671
6430
7499
16527
27580
29840
17544
27586
26575
8131
32120
9727
1948
1270
2797
18648
19549
4269
21357
21247
8838
11831
12958
2076
15799
28770
19073
13713
30975
10332
30132
10790
5262
21226
28782
28730
32169
6172
26889
1677
13976
156
22494
27851
8115
20808
15787
11618
3213
23972
19345
25948
20081
11243
25234
19651
13393
26758
19318
30371
31559
24113
10412
25695
20170
15436
489
31584
18103
25439
8183
19123
27925
12865
18228
16591
11350
4524
1537
19871
4811
27614
8437
28802
25586
12392
9631
3764
12566
31120
7945
11500
16631
13702
28591
28891
17835
13382
12878
17896
14066
13162
30424
23433
13336
22984
4372
22480
7307
16800
3041
23287
21204
15337
12240
4681
5136
16415
11397
7848
3899
28888
15633
11082
21289
12154
9451
9732
22144
13965
20678
11207
8837
19557
4723
7716
3880
30180
25275
12020
26970
11177
22743
19527
7631
11183
1202
11076
16320
12658
32397
7879
27059
26607
24524
4727
5631
25431
9864
10319
12292
31359
20416
5023
32263
11526
3237
4364
1774
12207
10124
6795
20389
10185
17234
36
26543
19384
9249
21881
4176
5471
13937
21157
32546
18906
24773
24938
25164
18008
5260
30472
25134
18085
21014
18421
29202
4439
5117
1852
14487
26496
15217
29098
27858
7212
30415
4360
9488
29624
17053
21848
20434
16995
7811
7976
6962
12383
29755
17343
17175
11329
16234
29376
4454
27749
24755
15281
25330
5417
5136
27251
28775
31591
17887
20389
27099
31048
18703
21806
24396
21134
29313
940
16733
18544
25257
32361
13319
9034
11963
11230
5766
10787
29677
20774
7296
31149
22747
13221
3127
24442
23767
17980
31794
19162
14825
16349
14202
12681
17201
14095
25038
6151
1133
5809
10717
24556
10232
31434
28566
30936
8824
13167
4206
5223
7926
8717
27732
18704
13686
19233
22562
5920
6091
10553
4
28713
2945
9939
16026
13659
1598
27763
22858
10752
22654
90
4723
7713
96
28579
29883
5068
15611
7948
392
19902
10993
2836
16711
29679
22129
15080
30586
2445
9445
817
21005
12890
2402
13339
707
29887
29319
18153
12689
27355
8401
30116
22621
25950
26793
29563
13999
21045
2378
7418
24057
15988
24512
16730
11199
7534
29762
1734
21244
6807
12115
20407
1172
21440
20313
11963
19296
11181
21052
9431
24778
12033
2159
19644
18297
28620
1319
1264
28300
31629
6866
13133
12232
27738
10876
4566
5357
16633
32539
18728
5250
30795
11753
26700
18857
5266
24223
29131
13561
22812
1274
486
15992
21746
25588
6634
18423
4231
28823
6259
2313
29391
8125
30066
13491
27198
32439
9035
12651
6500
8250
10019
31960
22425
374
6867
29761
2240
10086
26725
26496
10367
28591
16692
14432
11464
23366
21839
17554
5267
10172
18461
2735
27831
22077
32284
16219
10465
2793
22306
9357
25486
22777
31133
16186
21091
5185
22001
2824
3499
27816
3676
22004
28094
14300
15314
1946
30380
29702
16108
89
14480
12730
22937
26950
8393
21025
15803
8244
13375
20931
20940
13381
15128
19254
26810
19251
28499
7584
20216
16887
7636
19221
25931
10758
16689
2982
16460
24816
450
9698
28252
14838
5080
6827
20892
23
1037
8819
12493
2622
32174
29025
5731
2796
11424
25250
21188
21469
6489
2
30794
6608
20480
18956
18278
30525
8923
15013
24722
32504
3288
30269
1899
24796
28235
28638
11999
2974
29603
18886
6364
28696
11052
28253
10655
21788
28724
9941
4920
12036
18746
4926
26198
14070
14971
12488
31448
28965
27328
25038
5974
23682
2361
25099
8347
17201
3946
5702
24030
5699
858
12757
11685
6777
27441
32685
2339
17689
28403
7647
14076
2242
7373
12616
32026
9972
30331
8222
32609
2208
25951
29286
31879
2663
31989
5717
3347
23480
3344
12714
15194
12711
834
9068
9123
17412
9468
2642
20472
25377
23853
18832
31363
8689
21321
28877
31269
15305
6054
7700
15256
5272
32173
22143
6237
31614
3931
18988
21581
24852
22056
23916
22392
25098
12866
18956
24200
5090
20373
2042
28323
2558
15526
9039
28351
10020
15264
26317
3936
2525
4608
6535
21818
6025
11269
11504
787
27291
14907
7687
11352
21849
12824
10228
28162
28623
3524
8881
9669
19546
24677
7192
2929
19058
14263
16349
10549
15170
2987
1417
27472
28092
9648
30410
7736
22286
14639
4881
28737
21178
14248
7535
32237
7938
6915
28404
18310
16047
5107
18475
15476
13842
984
32512
3006
7465
25063
19978
17892
32726
20094
8748
18845
8189
17373
16979
9423
14951
17367
28817
19569
5462
10370
11274
15336
30836
9744
26270
11946
30097
12899
17581
8999
4601
19548
11766
24954
6064
25354
20776
417
31325
12988
22859
1541
3065
26292
16818
29850
1810
25217
2320
6382
3609
57
1581
567
28760
27633
6541
27456
19900
10707
3151
8105
7375
22435
15658
488
11486
1392
18923
18022
13850
16211
13731
4483
24619
14626
12259
29802
23025
8701
8646
7913
11288
13771
1026
11960
6829
22961
64
18722
17088
20588
19055
19226
20750
18148
1512
8845
26837
15097
9007
14086
1274
26712
7199
10809
27381
30597
25692
17281
32228
20555
10348
28160
29177
3067
16594
5428
578
25283
30689
26517
1421
11451
3556
9423
19905
2197
11955
24929
13076
32366
21933
4610
25592
16118
18207
1278
23613
15211
15541
4601
6745
2179
18018
6458
26368
29236
19762
29465
30189
24945
5432
18519
19243
14732
14396
23241
8804
121
27645
10603
20474
14329
10710
9583
28592
9925
7152
22945
27572
9684
5286
10872
25706
27728
20792
6355
7644
6517
14641
10176
25969
20838
2397
27655
16715
31042
5766
2440
30077
5714
22512
9880
22515
27469
15683
3897
30801
13985
24195
9758
15625
27347
14715
9697
3767
7096
30842
11488
13238
2298
29202
19041
14756
16393
17343
1214
24114
3755
1321
420
24560
5386
29572
27205
6846
15523
10279
23647
10395
18620
22682
8584
8349
11565
1697
29221
3325
20810
4681
12466
23116
1404
2308
23336
12283
31912
32187
25700
4046
10982
2797
28965
3307
1890
2058
26708
31952
11190
18633
10854
23706
1765
13331
16544
24659
16028
6331
22906
9086
13658
1249
11789
18786
2993
13307
21935
13817
18722
5800
9526
29659
10702
22488
11945
19614
2236
5229
18820
30826
14187
22143
17122
7584
28563
13903
755
32619
12883
27207
28441
18344
24608
4805
1476
25506
31370
8183
27583
18732
16469
15904
32714
960
26163
20922
4396
31291
28921
5181
17694
490
3709
25760
429
1110
13855
5444
4766
11256
15654
20552
2735
252
10171
31544
17110
8085
8754
19474
23759
20256
16927
11234
4521
13763
13992
20702
31468
8061
1635
32253
18320
9695
8165
14029
14936
23338
2237
10978
829
7478
29697
7084
4540
10404
21405
28115
14573
1205
29013
4981
21336
12598
30306
16538
6667
29625
23920
32548
4071
14391
23013
24873
3387
29155
28138
6090
32710
28248
3995
26107
25704
27564
214
26834
1222
7312
25194
10247
28343
6802
202
10461
28169
2511
21065
12315
7694
5211
3907
11408
11976
11967
6946
5654
28325
23466
28997
22284
17541
10828
22168
17993
670
1125
8626
29205
22492
24526
12392
30100
15440
14649
18873
7652
12670
16442
19994
2176
26765
4650
19200
21683
19759
19194
3181
22694
32724
4867
6840
32608
15123
2268
29395
6657
19915
19237
19005
22557
12973
13254
12176
503
3942
21476
23336
14598
19955
24686
30666
32526
31561
25807
7876
31506
14354
26986
24170
29301
21568
27432
23770
27435
25847
12259
17616
29735
11630
4584
15573
26006
13038
5818
9590
20023
14669
28196
18945
28706
11334
23905
10033
15161
10027
7434
6640
1509
27900
14929
20396
19156
12779
18646
30206
17681
29696
12095
3354
18014
18466
1204
19306
28557
26071
2554
24376
23588
30918
7001
5761
117
28713
28765
15174
11109
31242
13421
23851
25262
19618
12682
10309
21872
26044
31285
16002
2744
19496
3700
8495
11198
20446
20165
15367
1776
9555
27886
12090
25345
7124
12142
243
22291
24661
7173
16085
8975
11458
5081
13764
23974
16186
13706
26674
19509
26222
28473
15841
26271
3600
27453
29368
17695
30098
4889
4434
11538
25639
11761
7702
24955
15707
17903
2620
6340
6731
6563
7067
6053
1649
1481
6835
28043
8017
15234
64
18108
23129
8179
2596
14831
24702
6652
25429
10146
23340
8057
4499
26947
12336
6976
13463
6466
376
17855
27726
32573
10522
26086
3296
4087
29238
30875
23652
642
22803
4301
22745
68
17666
3281
9994
1079
19297
9481
26679
32207
29947
21545
30848
7551
26502
24348
12281
18142
20512
10018
25863
6576
11084
20955
2001
19486
5382
17058
19141
13051
12483
15812
10168
6729
4469
3681
17382
13097
18564
6665
8635
22623
1018
26795
32036
31868
10263
11787
24474
8678
18549
2866
29376
13580
31911
32189
5960
15211
12218
2124
4207
19380
27385
14240
1721
21457
12209
8482
19426
18124
10168
4304
10730
13213
12759
8920
32327
18449
29392
28091
18956
2540
9140
24646
12573
20132
2024
21427
27514
11611
23113
662
7488
9458
15438
16562
4663
27896
27728
10692
13395
10182
14577
17286
9950
4199
14516
2443
3460
28892
25340
6612
32444
20484
16086
23358
1753
3277
12241
32264
2990
31470
23291
6313
30789
7156
11554
10537
4783
3259
5626
21754
1392
714
20734
16785
28345
31051
14919
2510
28339
15084
17564
30929
13331
13160
10790
20771
19980
5879
1478
67
23584
16871
8466
31870
397
2990
30737
22332
16465
25600
1967
25484
2697
18713
10195
1790
10192
4212
17690
26092
4377
11820
9224
31895
32683
9163
3409
32002
2447
29235
27485
18234
21673
11124
6442
19355
6100
18112
21832
14386
3669
23182
4173
4341
1238
27574
16857
28756
29770
17361
21927
5401
7316
7597
16225
30830
9961
15318
27385
14130
15877
20388
12264
3352
30253
1318
6449
31997
6220
15807
20092
29114
19411
3505
24710
8071
13596
30684
23971
27804
7894
32257
18663
16180
29658
21760
21815
5909
22771
24293
12617
19327
19721
22595
7761
31278
17177
30768
1213
8711
19877
5437
15644
28841
17165
20320
24718
23701
24715
22345
28887
24599
795
12413
24312
9872
7502
16805
9020
2985
11613
25711
9072
12511
18430
16567
4045
21020
13293
26038
14249
20113
12554
6800
142
25351
27098
3578
29465
30986
23595
16882
20208
25058
24267
2439
5765
30916
13205
11400
8071
2317
24142
3273
16693
2479
16690
3041
20749
2192
2586
21476
11492
14198
17637
23614
15322
6184
24738
14754
3078
4825
7418
4935
18752
8035
12320
3295
3463
8197
28556
28104
25621
32557
17610
30468
26629
27530
17659
24708
4065
7617
23520
19907
617
10204
18606
32423
5632
30954
15894
30557
1564
31962
31904
2914
15659
5788
9227
18701
22589
31330
19880
27436
31101
29913
29122
10171
1766
9661
30133
16368
4579
4973
17260
26172
5193
18561
21328
7624
20125
13076
24752
18775
5804
13363
16976
31169
12276
18143
12786
19499
5682
32024
16833
2283
13733
12606
32180
4433
32690
7741
5148
31490
27318
22694
9723
20440
23299
3786
9540
19298
30974
13999
22065
30000
27294
7781
20190
23180
17090
4834
12167
12845
16061
31008
28189
32761
20728
19714
27047
1725
5787
17350
28067
17014
26751
25514
9272
23486
17622
31836
28565
14220
15124
7513
11688
27029
5204
9379
25264
11731
15060
15005
13371
9254
23581
12507
1567
724
4899
16856
953
2590
31786
17462
18198
26603
19893
606
4836
14066
11644
8938
30146
21292
12664
18455
127
18458
18571
18742
8535
4534
12692
341
23748
18504
176
29676
29508
10200
28531
14488
12628
31298
19286
31133
940
17240
24573
15383
10646
13975
13074
14183
23434
4034
6178
27612
8212
30040
14397
17726
864
27261
3744
26925
15985
22170
8579
30407
29167
5650
3509
8530
22518
14547
24305
19400
11844
9703
29613
25759
20628
834
11551
29882
6985
2419
13848
8436
21691
31562
32240
8442
18087
923
8989
24895
24446
22473
25521
29449
2435
13998
22177
14340
9942
22351
10452
18610
621
13030
30234
25836
9200
28356
3260
15782
31688
27516
13192
25827
5581
2966
8833
431
10528
23163
29876
20628
23090
9499
7978
13845
24901
11423
18848
2212
4695
24944
13271
19984
21621
13198
679
10776
11567
9087
7566
25897
28472
27458
8284
8229
7215
20809
1296
20678
21469
490
18088
24801
4781
3767
2112
17398
20614
15709
21350
13907
13232
23815
9717
32278
7182
13782
4647
29746
28543
7674
4126
16932
27985
25789
20148
17817
13755
4791
12573
22108
24988
1355
717
5115
18034
5066
25199
12231
14711
1835
9278
15429
14418
19210
29704
29026
9156
16999
6789
26702
22414
32456
12586
15179
30749
3845
5033
17952
29738
22671
10882
11224
25661
5079
23920
19632
9068
25084
4502
1573
20860
18777
23795
12386
14020
14475
25702
25644
11717
30158
26136
13168
12038
32064
23039
26426
21897
8810
9378
7121
1880
1770
24667
3444
9589
19463
32156
12979
32159
7454
3884
24078
784
30904
31072
9870
8893
10753
15664
9910
27679
17808
28583
7247
15142
17683
10970
10353
13572
12781
27878
6050
27881
3515
247
82
18636
1811
23636
15237
14394
10219
25282
5146
5861
17140
20133
11789
32035
31644
27243
8332
6188
20066
5852
21929
3772
28248
17458
14355
27106
5391
657
14590
10302
19196
11356
24614
4252
6512
11139
10461
30860
24260
10165
14563
3061
27650
32335
15791
7386
13030
29046
31871
17657
25613
23976
25085
11384
16402
8510
783
21542
24755
14246
29703
7875
8895
14759
4384
8822
3801
8205
13223
8770
11763
5896
27254
7118
4980
805
18067
32391
11864
32376
509
25385
19518
30803
8975
23699
14674
12906
12008
10597
280
32483
5582
17014
23950
15438
491
22942
9687
21476
17906
22191
19488
8771
6914
27386
7986
27878
14623
24497
29741
5888
10286
4199
13542
16248
28547
31140
6667
12137
9657
17705
10146
17708
16804
24986
18499
10100
3
5116
3879
43
5687
4783
28306
2474
21743
1613
8323
13347
10018
18933
13405
32225
9780
19987
30481
21569
6402
29861
27647
1253
13375
20039
23029
7459
26410
734
16301
31807
21551
26572
18503
2994
15895
725
28582
31798
24303
25091
30958
12558
29817
2516
11315
28131
18144
8050
32343
22249
21455
1209
16107
28116
21067
11972
18682
17781
12937
29576
20548
19534
8747
21889
907
7681
20936
8524
27631
14773
6478
7156
30963
29103
28199
8106
28016
9795
2859
3937
3033
26440
18191
18417
27155
24562
30942
3195
1839
29855
416
18460
30982
23261
1436
30310
17211
15464
11625
4802
26352
4527
32610
15015
7783
14096
30170
3782
3727
27638
2075
20519
27565
25140
10370
10541
3938
26203
26374
21463
30149
17297
32244
10810
31945
17001
11357
28109
10236
19600
10572
6837
1593
24826
7851
23592
11919
28329
20926
21943
27184
23180
1135
9314
1416
19393
6196
26158
20294
2592
5182
16971
10526
15886
32012
21078
12676
12728
21133
23488
10856
3633
26814
32235
22080
27947
26240
6107
2607
29511
24667
8703
16995
9366
25385
12692
3331
7173
8697
9708
4449
11049
15444
22722
10264
22673
9360
6920
12787
30492
15887
25199
20966
31289
24732
26534
13789
3136
13572
11932
8197
2840
23196
13221
22133
14516
15194
29394
1867
10724
3342
30805
30863
1803
25323
28985
6314
21041
1641
20531
1509
3259
266
17864
31746
31071
15500
14132
17461
17119
28908
2407
13350
25472
24104
1433
4588
27042
16215
30029
3974
21218
31315
16365
4246
22070
27311
636
28765
27751
20754
13711
17040
19743
26682
31856
31914
20687
2533
31242
2362
2081
8441
6520
2122
27960
13523
32526
22206
26986
19204
23938
27554
33
537
22194
1878
28892
32105
26418
28785
17729
22747
21156
16755
21153
15127
27872
17662
21214
6200
3604
31125
25212
11957
27521
27689
20063
28239
5791
15839
25707
5458
23212
16386
8714
26535
6353
32408
15543
13839
21395
15641
11466
1323
30029
3125
11527
18057
20763
13204
31712
10730
32555
12419
32485
28310
13250
21606
6433
28258
7096
25424
25366
27000
11048
6027
26160
10129
2570
21237
29987
10077
3477
27999
29068
17618
7747
24111
6626
11024
12139
29960
32666
27025
10001
3569
32275
28372
7390
3496
26460
14897
31759
16812
2812
22325
26723
14314
21372
5466
784
31002
30324
29927
7253
18486
27847
19103
24054
20951
26928
15646
30037
28739
28455
25566
467
7571
6227
15869
8536
29109
3897
9028
13652
27084
30917
10781
12867
16239
4450
27628
3216
2199
23010
15677
9856
3876
28181
14993
32475
721
4612
25750
29809
18246
9004
14022
2911
31504
22186
4530
24550
2789
2676
306
17788
22965
9426
29672
410
3962
14789
15409
19627
9530
23008
19688
3275
31022
18375
10422
17132
8727
22385
17306
30897
7197
13852
24792
7081
18934
28237
20678
23091
17056
7805
8715
29694
30482
5215
23589
16030
27816
6110
18629
27370
11690
20251
8911
14155
3731
24936
14219
21311
5518
12454
14314
20471
2986
11614
4438
21413
11542
2517
12791
2920
22433
8332
12040
32399
30762
17574
8549
28175
3189
16713
29681
31767
2392
19593
12147
8818
30689
16814
25665
2438
5877
31425
12135
23347
4903
15672
24141
13311
26282
18103
380
5398
3254
10031
23002
20519
15147
15935
14637
5386
27730
4210
3758
21869
12972
2765
14554
8284
20806
6989
30509
30605
28971
22545
29191
16220
1050
7424
28980
4504
30562
25761
20743
20575
29487
21998
20758
18785
25385
32031
1917
25098
22969
21842
20376
10612
13715
31933
11615
11334
23743
25313
3995
18096
4505
18957
3674
968
10659
229
21831
13157
22182
24439
31482
23700
14226
19867
30651
8600
26595
5436
32001
20835
12320
22344
28831
519
26510
29952
30688
5546
27374
16602
30816
21614
27481
8872
27496
20108
10014
25074
10796
11532
4822
5680
16623
3313
19952
1557
4773
31677
12825
3577
28676
1097
25509
31376
31266
2120
373
24907
25811
9786
28963
10522
26043
11493
26779
2294
773
30835
19330
23572
17708
6655
19281
19959
16407
21654
940
24741
22035
12054
12103
26430
20340
14711
21537
29829
21418
16174
7433
25877
22957
15908
2882
18834
17594
25999
4513
18794
29398
15920
15404
8694
292
30467
26390
8456
22389
18263
9861
29658
286
6605
27587
6269
3328
7390
3951
5316
23760
32617
13217
9598
13547
16595
23149
10291
32684
10633
25513
27996
5099
11796
13433
3113
24660
32039
14557
25106
23313
28221
15363
1537
22293
7010
9380
25072
2175
24623
2450
29015
29525
24168
20063
1622
25988
16673
8384
4945
20964
25629
28958
20556
10395
27147
31322
23879
10468
32296
23048
14466
23830
8660
18870
25763
24129
12456
15718
6470
29990
8345
6711
31077
18558
21933
4112
19172
21525
7821
31142
6553
31032
30977
19350
24145
6663
6495
2503
3294
19200
31994
14173
27767
17447
12102
30659
19032
28057
30766
27214
14875
14707
22492
14982
22767
5172
17184
29747
85
7528
14797
12088
1771
2446
16617
17692
24628
18981
14919
22255
17854
21873
26045
30504
5738
13914
1792
21079
25944
2711
15456
25770
9977
14436
7949
8668
10528
27677
22369
10467
12614
29476
27460
24131
24699
20524
29259
15158
12229
907
14385
5647
24088
5131
31186
12296
32050
6838
23254
3118
4352
23639
24094
2930
21371
32711
7499
9579
10034
12627
13375
23750
15125
5254
15907
11845
15119
4023
29458
13387
29516
13323
914
17611
6515
12605
14019
4148
25967
25289
21175
13998
23527
13210
5031
16530
25613
15855
10681
5095
21624
7523
2215
19871
14963
16331
15033
6576
29247
20781
21630
29186
16511
6921
22830
5226
3137
25701
7257
12206
7585
32342
26414
20547
6733
15263
11934
11882
2179
23097
4601
30656
328
21420
6027
25540
19047
21753
24575
9362
32766
26059
32149
27403
19624
18607
27280
17861
18936
15995
31278
23273
13741
6875
10934
12348
22604
21813
8677
17812
26907
17152
4743
4737
32484
17204
12916
14284
11410
20658
27814
6945
12363
23981
6539
30056
12858
6646
28471
9581
11328
16758
3277
18847
3787
21883
10494
32319
9212
1653
18915
9664
67
22292
13154
25408
16102
26596
16612
3803
4707
24220
18623
1984
28665
3679
10948
27923
17829
21848
6055
25348
12093
6785
16992
32278
17685
24621
16955
7084
18583
10294
7078
30442
19725
17868
2921
15999
2857
28579
2281
1716
23208
21177
12372
16773
12598
10075
12048
25080
20172
19940
5839
20166
2528
10084
8960
27853
29933
13520
22322
9137
22615
26793
28540
17197
9977
8007
19793
30270
6866
13915
16166
29195
1048
14416
25487
7550
21538
19562
10534
27793
14895
21269
15738
3836
19403
22219
15396
15075
19757
22686
2101
23926
16590
24995
22220
30625
23909
14661
9863
10315
28359
21554
3846
10892
13995
4967
4912
15229
7447
642
20885
18179
28496
3907
18454
30148
16557
17568
12324
11643
12321
9725
18061
28778
2943
3508
26402
8581
6321
2769
4537
22355
10343
29853
23030
18345
8663
14643
12496
5108
17343
22755
10969
14032
9069
12844
19557
17410
4323
28576
6795
85
13334
3240
9440
19815
30758
12784
6920
30941
656
9394
28797
20673
7662
25373
22267
1456
23730
4947
30779
21265
19066
31301
13138
28085
5747
8343
1112
17977
6411
12278
28575
27387
29305
26559
1970
6649
16966
1063
16850
14990
3051
19690
21831
21263
22280
10714
27353
17839
638
17836
31989
15747
16984
20765
29214
9475
12404
31633
20693
29092
20690
4747
462
18280
2264
24990
4851
21490
8198
1488
23310
6561
5599
16649
7288
8265
15711
12605
20103
14859
27714
19086
5485
28666
5369
32325
1081
6209
12641
7018
18581
2730
25511
30025
16599
18590
11654
19433
24173
27835
5784
10179
20896
27795
22151
16907
7033
32697
5057
10800
18133
17791
11927
20665
419
28502
22259
19779
22708
37
8775
2065
1610
6631
17195
5855
8338
8109
26666
16511
28373
25493
21321
675
12064
30621
26493
3822
32751
887
17239
25357
2573
6482
20922
4619
28359
27684
1849
328
11625
28490
10608
14157
16020
21487
32390
29684
28948
23869
2157
19129
11730
19854
30510
8624
10035
31182
25391
23244
20990
2656
14045
5756
27996
28784
13046
22688
30864
8303
19151
14356
28228
20895
30763
14124
26860
7060
27419
12753
2036
8654
21173
27037
6055
12765
30586
5994
19493
13739
13568
27272
24563
17963
26252
28246
7884
6980
19612
28014
23106
16393
5161
26873
21006
2562
8313
18407
17616
22655
14250
3307
32746
31109
30318
3414
26952
14317
16797
31854
31796
4159
11715
28598
8462
26903
30229
24249
3154
18550
5740
11998
2860
6412
11656
6183
3080
22895
20638
10935
11103
28924
29092
1736
16249
4799
24312
20418
24816
5526
4982
355
25790
24266
26859
6271
25671
13086
29101
15846
27180
6424
2362
2698
24771
27251
18452
14784
9311
18559
11339
11809
22749
19759
27315
7573
28891
20880
14640
7927
7136
31160
15987
1266
15590
14510
6499
17665
15576
27701
23526
26119
17115
28168
25459
13050
23086
11523
31543
20001
30660
31674
15542
25862
11477
15875
7378
28583
27511
24182
29426
28409
27731
7868
11420
15311
26138
13729
23878
24779
4383
31171
22708
22876
89
10296
17852
18719
28813
24638
12849
25423
5287
10870
17714
17711
31076
22671
16749
25151
30169
19783
28240
4720
12276
994
9396
1858
7441
27629
28417
31856
15950
7545
32720
8354
9368
30796
22617
16017
2875
24947
31883
30359
21334
18964
5086
12022
26170
9531
9699
27520
31072
7778
3603
18510
19524
9653
18281
12527
17038
30965
16152
11244
31603
10960
11974
31710
27535
12102
23888
18360
14185
2735
27098
22639
3906
26803
17158
22176
26800
28037
30856
25969
19595
8145
30816
1090
24946
14849
26149
11428
13624
13905
16385
818
24335
13865
28638
16342
8954
30443
5234
25031
29629
10229
20610
23093
13506
5104
14749
28230
26257
29024
28969
3760
13405
17354
21529
20289
32475
22381
7718
32084
30111
7834
25545
28425
17992
2483
4233
11340
31899
17239
997
15098
15776
26493
7939
21194
4952
17138
14319
16802
26673
19737
16185
10095
4118
31642
11906
16701
2264
18903
17889
12645
13323
23194
15189
30136
9354
32761
31634
27123
18892
13874
4626
28992
25721
24087
3841
26515
13828
31539
8022
8813
14002
20715
31658
12203
15645
16717
7469
23375
16665
25015
19884
31786
23017
21496
31538
11292
10504
21615
1595
26865
7578
2615
17901
4481
15198
14297
18698
14300
15372
13512
27106
12669
13631
24348
5174
6698
22885
13750
26159
27431
6565
475
12545
7301
7472
30879
14750
23213
31731
8834
26713
23500
2634
16454
4329
11494
21591
14542
20015
8229
13024
12575
16411
2933
8800
24312
15571
6352
7256
6242
10078
2974
26494
32022
4162
8902
28699
22835
3887
20413
25434
1523
21320
27187
11736
19915
2094
4183
31707
18116
1141
23534
22520
32391
24609
15503
15335
10937
4001
12971
28764
12635
30120
14837
15515
24485
4126
20652
19583
690
24943
26299
16092
11581
2898
9498
28675
9275
1832
2736
3527
32123
5222
31702
4801
20707
12305
519
17384
19867
27426
29063
25737
23877
32282
29915
18016
23883
2904
29808
32291
6236
12949
17011
2800
4437
16226
6979
12000
32756
20350
21028
15925
868
29238
15140
13280
9221
24168
26651
7477
20732
14981
657
27335
547
25026
8051
15723
3204
10143
16123
21031
12403
13420
25829
21883
7333
29387
18334
24683
9397
25926
10640
29707
32413
31909
6138
21421
16800
11553
31127
10432
15337
12634
5362
24875
7451
4855
460
2827
13547
6275
18061
22972
27764
5716
30812
20918
19901
10430
8234
31018
6206
13762
4065
17656
12076
14669
24204
20429
22176
32670
3515
9999
16376
9663
23541
12998
17170
5048
873
482
28962
14302
31987
18506
13885
19016
5935
26914
10562
5208
30417
2334
12541
6622
24443
25124
17513
7642
9169
21236
3418
14584
5113
20118
4325
17696
8106
27173
13640
19730
7298
2503
19200
6791
20049
20104
8941
25638
14921
27446
19435
12389
939
17355
11549
26719
30051
11888
19957
12737
11500
8284
14942
25888
4060
20250
960
26117
13065
30321
24854
8441
24857
19897
8108
2134
4275
18999
16009
26616
1465
10713
20474
30061
20871
28146
6605
32040
24823
16198
22795
28158
10334
692
28839
75
21877
13194
25713
25041
28593
6206
6603
1582
10949
31308
9767
13319
21217
2327
28214
22634
10225
3967
22808
10738
20499
13899
16046
27
32233
25865
653
5874
14163
19807
20317
10107
28215
24153
30362
31263
27488
2276
29632
9050
11362
7587
26028
16386
12611
19999
6918
2743
17522
27283
2071
10986
3259
8677
28190
8257
811
30253
3242
3523
26820
11027
28515
12612
203
884
24627
6809
6021
14649
17755
25650
29715
29883
1742
30115
11671
7389
32601
30964
682
21041
27221
9736
31677
323
15832
17246
20911
2583
24075
27007
26729
21201
23797
28821
5527
27132
21491
25666
17041
6437
11968
10670
30470
24603
130
31377
8196
30111
26275
27576
21202
6542
31867
29384
3219
24992
9929
8979
577
21046
31650
24155
14907
1536
2278
28336
3460
18181
31216
17738
9443
4819
23327
19488
708
9598
1196
13825
13770
13327
26295
30977
8257
21958
26753
22981
25971
27208
25348
19658
31221
26536
10471
23726
429
14530
30723
438
25024
14704
7945
27455
10480
3634
26082
7748
8603
4938
6795
3976
31677
4996
24906
6639
26549
1560
25877
21479
27566
10084
3942
31692
9412
26677
23351
5411
13816
10044
31417
4516
19666
18087
31901
18423
11267
4444
4047
30392
21144
9917
30108
3833
23123
28422
13878
28938
20417
27017
24937
17772
24372
31598
13777
4862
125
18856
16993
864
3550
19343
1516
2194
18613
30793
12465
15235
7960
23353
7563
7795
6552
4185
19926
19984
20995
6622
30029
31886
30533
29186
20897
10177
28346
31449
14581
4487
18396
6610
20931
25106
4979
10333
16707
28896
25909
22070
7407
15367
1043
6849
32461
21182
18189
25128
26884
22199
26994
10532
32699
22205
10080
21423
1116
32757
16830
17786
29462
11140
28512
15367
31160
8101
29303
11482
28521
12505
29590
2808
17642
28637
28356
19395
20351
22608
25378
29272
18552
1464
25271
10266
31135
7483
13124
19889
9682
10873
7321
4441
30166
13417
26498
19788
16862
9752
19003
27075
7788
15793
32212
5311
22509
12415
10335
1087
4862
14113
14571
9040
30868
25094
9191
13925
5923
28710
15791
1467
16420
9310
27754
22290
16426
14392
4924
11750
3681
24776
27546
25738
31718
23603
4429
14013
21239
21071
30881
22479
4128
3786
573
19304
17783
17441
1938
12994
22465
10566
24560
21347
31664
29697
20336
14243
17456
13461
14136
18308
3428
7374
3086
3874
12569
2246
30219
9501
3521
16886
2513
27835
12042
10292
27954
22933
26766
32697
30327
13349
28632
1682
13581
31683
19341
21821
29997
9128
31866
26845
19286
9256
32660
15062
18652
28746
13686
4322
17867
26156
18484
30224
20014
8338
21816
14324
23459
23401
1640
15005
20023
23416
24204
32606
19125
30978
22460
25899
15023
11242
6447
32728
29324
32030
23005
31135
23802
32485
14221
14389
19068
20082
3510
21331
11515
15980
1992
5599
26804
11078
4759
26810
12776
10406
17510
6793
13118
20054
5107
31765
8526
26347
31704
3175
17160
12139
24331
8706
16375
6965
32568
13617
28054
10804
6629
14805
9851
27052
31224
13241
25027
11998
17016
26105
25708
25989
26421
12601
27151
4092
17570
14580
22136
2180
3643
24848
323
23220
17466
2125
23904
8957
28299
24811
7326
1178
18153
10774
16525
19793
29841
19970
27245
28259
12617
20228
205
14370
6191
15158
32133
14376
17928
3317
16242
31751
29323
10833
6658
623
6487
18340
27588
4123
19360
11801
2550
5708
9947
25059
9153
392
7102
25488
17083
11283
31471
11335
1305
1247
17941
30460
25506
25503
15406
30643
30530
25509
29907
30365
6958
30701
6515
10913
28734
21514
17742
2795
18078
28035
1357
14948
847
12080
9087
17715
6219
18851
8980
24263
14572
19816
22745
3748
20723
25967
28673
14639
1384
11081
6973
27445
16841
13625
20628
19837
26150
20885
17782
18176
24040
4311
14404
19984
22138
13226
27550
32351
6632
16726
3810
28576
15547
3758
835
31120
12169
16341
19563
25427
9014
23442
31395
23839
14252
1398
29319
9186
9684
25251
27001
24069
29869
3252
31848
3695
11254
1667
19772
4354
10841
9094
1132
20422
8297
21778
25324
10887
7561
5408
22273
8456
13364
22280
5305
12302
32258
28593
4850
7953
6872
4279
23233
30499
20292
14935
7999
2110
15365
17512
19815
12033
14290
30083
8811
12760
8026
24598
19354
23416
26519
10054
3741
11187
12418
29057
23926
3793
6154
12021
28773
21996
17033
10323
229
2913
20456
6978
11932
23721
2797
17857
7696
4483
19430
27826
9779
19876
22246
21914
14471
993
28957
18863
25463
30362
5153
1827
8821
7740
18683
17953
2758
23120
617
27295
19898
29094
9920
3763
7373
10702
7150
23948
30719
16282
23732
27794
3712
16121
27110
11827
2637
10242
10920
994
11204
10407
3471
29923
9878
24544
688
16594
26624
15290
4970
224
8290
12465
1910
25430
32650
2817
848
8294
32321
15957
674
9079
338
20407
3997
2870
9968
19219
25706
5066
29520
6510
12264
29016
26075
29178
10511
23644
32556
29117
20489
29392
8187
7173
18515
18912
16206
20381
30185
2325
1876
20986
23075
13601
14044
25607
32094
22565
7370
434
31794
4545
11145
29363
4041
3412
9279
5840
6677
813
8372
31892
30036
15712
9002
26533
22361
25690
31557
6281
15532
32397
9885
31713
582
5804
31862
20809
28368
6476
29996
19902
28307
32415
8052
609
13177
23274
4720
5511
8731
8902
10652
28916
13013
5683
9058
13346
3872
16620
5839
26934
21690
3450
17890
12646
25553
2149
19634
10658
16525
26002
2259
22554
12347
32370
32206
13878
2712
31363
26562
2309
14721
25881
8396
17931
19791
31797
19895
28923
22698
3521
23941
23263
6731
22014
26473
27487
21840
1484
12198
10274
7565
19131
18227
30811
20494
28050
18173
17495
28948
15348
9594
7398
20030
10379
4799
30854
24855
30719
26944
11151
27387
3867
23667
10632
17229
21914
26932
25628
20161
18524
32180
27892
542
3868
26985
6403
8150
26078
11018
11473
4760
32220
21225
16430
5468
7496
26676
4115
26780
9808
12682
29257
23503
3147
4161
3984
8049
4268
384
10817
4898
32358
19103
16455
8163
2122
22316
17408
24790
27664
9846
13398
25052
747
16650
24991
25046
28433
10835
30061
21656
21772
16238
25092
6202
22612
29500
3048
13090
18554
27295
31980
13930
23004
330
31409
1060
3201
28077
15781
16437
26531
13957
11074
24891
29970
28785
6670
25844
9605
15695
3448
25560
15689
19026
19194
13614
25675
14112
16879
8700
12191
18281
9317
6834
25947
28769
1245
9402
29254
6247
15721
10074
23665
26771
23717
22193
1611
28512
11247
1095
20162
22529
5955
12387
17405
20331
31271
24057
20728
20157
4364
11642
919
21843
24836
13047
12857
6990
25999
10426
29713
5692
4055
22942
1114
25086
17973
24683
23052
4721
22833
5238
443
11942
27338
11099
15497
31226
3479
4606
16105
31388
10186
12046
15240
30526
2156
9425
2092
24543
27249
904
31415
27976
20243
20298
13365
21260
4066
23579
3446
22333
1464
23295
32543
10654
11442
15620
8061
32586
32195
28133
3748
6567
27552
20839
30249
10513
31098
2102
27311
24834
18967
12700
16594
29226
9832
9774
26303
6329
6610
23026
9713
27757
14786
21832
4970
19068
21997
6827
7034
16285
8723
26321
21636
1897
13173
3809
4374
29073
31217
13955
138
19028
6858
11879
9393
21069
15312
22758
2958
16100
30760
10398
18690
7970
24609
14735
3569
22501
6372
505
29095
17309
14823
13809
4781
31459
9121
29141
13012
16561
10358
17023
26271
8450
12845
9293
17918
19442
3646
27899
25303
10466
27838
17118
1496
12195
29060
7513
14672
22231
27584
27697
9589
12918
16580
10716
14378
4788
10823
6096
17039
26568
3271
31021
16410
28367
29491
14321
28135
31855
12455
6191
30557
25349
12604
18071
27435
6563
22469
11074
17274
1371
29735
3793
4242
29054
4013
23595
24273
27993
21729
29569
14732
15749
23528
18055
18733
26005
24991
22224
26041
945
28069
12557
19157
24398
22031
21463
24679
5725
18867
31835
3181
27547
18138
19381
27273
11257
22194
7922
28904
26757
23092
7861
15307
23312
24836
26580
4116
9983
23684
12405
31182
18941
19506
19897
4446
5231
31289
24631
9568
22823
26895
6423
18264
9123
32417
9911
8051
28407
6356
20735
21746
5617
24281
2343
27875
17668
27139
1704
27814
20478
24540
4627
7843
339
1863
22952
15283
5241
1867
22736
9930
30066
27073
12749
7218
10993
30283
13867
8849
25201
21029
14765
18808
11252
25066
24278
32396
8592
6845
22351
12257
3455
30805
26746
18677
12080
1318
22746
22691
29004
20602
4186
15242
20483
18736
30238
18672
2036
6431
13370
9573
8898
12673
12218
206
22593
23271
32235
25412
762
17401
4989
13953
32284
29249
29927
16782
14415
3695
32517
26760
21455
1096
16208
12485
2275
28837
4358
4568
3551
7497
27517
22496
5518
18883
28357
18147
6245
24912
20511
19720
29546
12907
31235
17134
156
5400
19498
2013
13066
11203
15601
15430
3867
11536
17442
6499
11517
6496
20933
15686
24821
18221
14892
17259
16581
18215
24079
24247
8806
30631
9029
17431
22449
9814
29101
25772
1406
19960
15785
22495
15782
11607
3935
26874
18469
27604
30930
3180
10849
31996
16316
26523
19245
5990
4466
3788
16379
29292
12653
29628
1258
30978
10109
31314
3677
27420
29167
3390
22057
4685
31699
3652
18935
9064
13462
24796
20734
10017
21351
18248
28342
17060
27267
21400
30874
18591
18533
23157
12214
13509
28792
6118
25744
25066
2392
30533
23200
5150
13552
23407
2425
22219
21428
3830
24415
29433
104
18206
19333
27283
2917
20286
7877
15391
12514
6027
17080
14371
16231
19612
6018
6186
16845
1052
31111
25357
87
19755
24153
13323
31031
15745
23527
12303
1586
6717
4854
20983
4173
24532
2478
6763
17661
25049
18336
27471
20871
19289
23461
24475
21033
22780
24979
6648
2415
9125
17062
11195
13507
21909
927
30366
27037
1147
30473
31374
28045
29624
28833
32159
20370
14289
9268
9323
918
11464
19246
27761
27196
2097
31026
20309
3670
24029
15850
28017
14875
25082
8666
6577
6745
8605
16500
2622
14408
19765
9894
29407
6578
26937
2910
15032
13508
4596
24955
12546
23599
19537
20041
8591
1371
12537
31246
9980
1575
51
8792
23962
668
17023
28412
26775
14308
5509
26488
19960
6479
4335
20350
15329
8332
1958
28013
32298
24232
2517
26880
23890
18869
6549
32268
27250
26123
5031
15635
24324
8174
16579
1916
8629
27580
17486
8745
27189
8629
5303
30909
20815
26456
10101
8730
15443
32702
9072
10483
23851
10034
18439
32338
5944
31043
30142
7978
4539
20332
4069
28719
11744
21615
26636
3739
27033
2156
15411
17558
13160
28840
2672
12543
13087
1921
31760
9709
7849
23642
19244
4095
22313
28913
22600
14818
23956
24521
29069
8823
15536
11364
23886
7815
24567
10800
29525
14468
23719
147
19437
9343
16768
24382
4249
6732
11753
14181
21740
28587
15955
11838
7779
8570
29610
20362
6750
15323
5229
4328
10082
10198
5913
19951
13861
14652
4839
3825
22495
2136
2964
26258
30659
26261
12218
27165
3028
17975
29672
16365
14505
14337
19584
19416
20940
954
30509
16918
26114
1638
6772
26343
3835
12747
10606
27358
29502
25330
7228
4614
8450
6703
18831
28082
842
23122
12823
9497
14857
17114
19316
17456
28399
14448
18342
19020
11238
31374
16937
17221
1368
2159
4416
9324
11526
30590
17732
736
10552
6154
21101
1588
32328
1930
27896
19100
16394
30382
7317
18880
5289
870
12546
20838
29695
12607
25694
15374
3073
25466
11762
3134
16502
15207
10809
5376
9212
30194
9215
2505
2563
26083
7776
22949
23007
21373
8741
30569
2822
17861
17919
25478
5232
21364
11270
26887
21023
26890
16683
10819
1571
24245
23344
28344
12328
16503
27559
25305
24291
18561
1699
14334
15971
16875
7007
2609
24642
27012
18836
14438
17147
25326
22000
3157
18443
24423
1526
19350
31252
5817
20123
13526
4898
11837
30394
23458
30397
17166
21961
9555
7585
21796
26255
19768
30015
26973
20147
8251
27425
29459
11128
8644
23142
14963
9383
24666
10626
31831
12807
16420
23356
5086
798
16368
26883
24287
2013
20567
7373
17754
19275
2169
7187
20952
7984
1384
16954
12779
32177
12041
17685
15089
15657
8211
10245
1373
18855
5661
28732
28674
8092
1379
25430
618
25827
32204
22953
2371
23350
14478
27510
18259
5178
32079
20577
23283
20572
22212
30049
18153
20013
3096
14528
18080
11147
15545
20511
25755
9629
4577
17435
25052
19298
27480
22685
25959
32315
8175
6486
25999
19912
20926
28430
32093
17992
25215
4740
24540
9706
28660
22906
9352
31183
32365
21089
3830
17708
24613
12824
7809
16211
10292
31384
18755
12042
10332
30358
32499
16993
3964
15304
8362
27649
638
13664
22805
25398
27939
1921
29894
4801
7507
15350
8750
4355
13853
598
14195
24402
8276
16452
28018
16342
18297
10518
9501
7363
22307
17741
6289
22079
25185
7306
10412
19889
20790
10452
23704
12993
14853
8540
14013
22528
8735
24638
4847
2477
30624
28141
26058
2859
28068
28636
23615
9520
19614
24299
8560
22038
8224
28357
24527
28812
14152
22554
29643
21806
25132
11205
12784
30892
27450
32608
4861
66
18400
6837
31826
3456
10658
14833
2424
25721
29273
5533
8239
25437
32263
28201
13767
16473
31423
2207
14259
1850
16913
1743
6254
11898
19793
2842
22358
20214
12548
22755
18583
20709
5142
19866
13266
29175
9039
25568
20040
5092
20378
29626
18689
12202
32341
31437
21435
18845
627
28774
4747
26239
6353
14755
3818
24910
25704
1338
29598
23224
22415
2789
15311
6970
32182
2737
9450
14243
7533
9900
1898
8272
12047
27614
18745
25965
22410
23601
14747
31099
31551
26618
30393
18494
26960
25326
19682
7670
3425
6641
18030
31349
20409
3654
4332
19390
15838
7350
10453
29117
10514
25461
585
23033
4012
13770
9818
18843
19075
19130
16424
4213
24123
31056
25812
21927
7377
29202
14298
9787
18299
18195
7142
1385
30714
21577
879
12326
30550
7088
11709
22539
19479
23199
15643
10179
3469
2336
7357
1181
5356
28308
12805
20364
32373
29893
28580
4217
29029
30553
23568
15499
25596
4615
20689
5232
24522
22500
24018
22158
8439
4887
28065
14874
16737
28633
5284
6102
26516
24036
3457
21336
13154
17555
24421
14831
16355
24201
28263
28880
1753
17431
2994
27864
9090
23304
24315
11570
26557
2533
18885
27684
13873
28087
25546
19144
15311
24049
15308
6912
3073
6402
30808
31599
7175
29510
28728
2273
1259
29739
11637
5260
19981
16209
6054
190
20366
7734
12694
4292
1253
7740
10443
29140
10586
20903
28123
5006
2132
30102
25704
18301
30142
4707
15204
30997
3470
25863
29190
14753
19994
22364
18311
10975
6577
24441
4928
9155
32562
17679
24218
14011
23402
32427
2588
23570
11338
10883
13366
16341
4555
17523
25821
28304
32079
6024
20463
2022
10873
13756
23007
26782
3265
18704
5226
21465
28178
20289
15604
24742
19412
26858
23865
30578
2611
31094
6444
20811
8405
32145
28932
20817
16532
28880
9367
7110
2425
28257
17097
18734
21437
6493
10821
13530
9578
25371
9981
24021
2816
6060
16777
16209
30649
20842
30652
20445
6612
16877
30468
15915
9890
27485
2160
75
26356
12762
28619
29633
2109
12823
5084
22059
11003
28045
25336
3734
13602
13125
10416
27391
2866
32531
13861
32415
4824
22419
28057
13797
542
7139
18925
2684
88
31219
22035
9400
22765
31167
21003
31210
21959
22973
8826
12998
25630
26619
12405
25037
18324
31869
22618
15059
13422
7488
22658
6639
23455
17475
9070
23394
6420
28865
31684
165
13869
614
8384
17012
25130
2636
7880
8894
30099
14562
2153
16590
19363
15469
18175
23532
22109
4624
3100
13487
7901
5531
26736
2994
6546
27073
13039
22400
10837
2826
13812
12175
17532
10819
17709
11390
30170
1323
19877
16887
28673
32573
26819
15537
8757
31034
21783
19300
25625
14288
15189
21225
23705
31713
4809
6171
16265
2051
9033
24597
17038
28543
2665
11
29676
18708
13519
15379
6861
8504
6980
24801
7869
875
17511
9219
23723
14585
4543
8267
8154
25862
1722
9119
12500
824
21962
20099
14910
17503
9052
21064
14180
14436
17875
12008
3435
6095
31304
6938
21983
11886
3481
12674
19451
30391
31234
20069
22549
25988
27567
7498
20976
31070
15897
25979
3305
14245
13521
12562
16001
25249
17045
7794
23865
10451
13157
16709
916
6206
7220
30340
12189
32548
10833
13539
28600
26230
1467
14279
13601
12019
11161
19676
27458
24242
13592
18836
9811
22443
7697
9557
22
32179
17232
3244
26028
24550
17950
23417
32732
30588
7914
22351
3912
11468
16938
27878
21794
2730
29631
28266
5818
1756
18618
26690
6893
25447
5512
15606
12616
21018
10481
4330
29539
16443
15539
26818
14522
28427
32040
5139
6772
8409
24315
346
30567
28481
29272
27525
21166
3458
5941
24825
13885
16029
12703
32299
28973
29202
6464
11259
15095
18311
13360
28927
2759
25763
32476
13922
11836
6081
22720
17476
5577
19611
11606
22323
1185
6093
4233
13991
1179
31018
29271
10403
24391
26761
16441
13668
26923
16380
10357
31113
8216
31107
26709
8888
18646
29698
26146
19210
23828
22588
18416
18361
18373
23562
17698
13526
16733
830
13465
22683
858
23532
26852
20142
26009
3393
30477
32001
13505
25227
29402
26922
10228
20547
30644
19988
9036
4864
21729
19994
12438
26032
3981
4986
9048
9952
23320
8119
24138
9815
12398
8846
7945
28307
19747
31594
29114
25608
25440
2091
23299
8238
2432
31648
19175
3440
2652
25213
2554
17840
15134
19410
5312
15522
1449
6470
9460
18430
3700
1953
1504
30900
19960
12911
9078
29147
10367
30503
29429
26103
20746
15221
26943
14931
17301
15340
28369
25889
28259
7552
1462
3099
24814
29353
4877
2058
1090
23538
13163
4648
26317
1728
23275
7079
4373
6856
11483
19997
8718
29419
11531
32400
7811
16781
26719
25705
6192
29364
8159
6299
20232
30748
28888
25901
8013
17716
6663
5649
10737
22526
22584
27538
1483
29233
17447
17728
12710
3462
18568
23702
27877
17783
21179
9393
28570
4140
32736
23375
26817
30904
25040
29102
18321
5576
18324
28534
1926
18678
19075
27639
14445
18222
30970
20763
31752
17428
29837
24153
11408
11466
4869
30014
7117
2099
25644
2860
14762
32473
32238
28179
28350
21481
5691
447
23854
9689
1061
20577
20124
1457
28474
21932
18823
3030
4444
19388
2990
24595
11001
4847
2477
12012
11841
12321
4203
26254
30646
14853
6735
28560
544
2404
12785
11707
20729
31449
27894
25187
13798
15545
9391
31216
4599
4654
1905
29652
15838
7766
940
4779
29988
12
32722
28947
23526
26852
23077
21440
16040
19479
25010
24219
8646
30984
10002
7408
24270
31267
11977
14903
13266
15413
5896
7643
13061
15880
3972
756
20669
30876
21317
20639
14720
18660
26842
22780
31197
32211
1816
292
21152
30067
3502
10495
14893
17153
4744
25604
12016
11225
24944
5767
23423
15577
27589
746
16875
19328
25931
15834
21805
30207
22654
20904
12627
28197
18552
28133
5120
8113
22776
27683
4224
12626
26776
7880
17021
17091
27185
7788
2315
28816
3097
13139
23038
9557
31443
16609
25457
29577
9215
29647
20622
31849
25249
22195
6915
16896
11031
10692
28180
9510
21855
18868
22420
21870
27960
28134
27230
13349
14705
21641
30975
30297
25395
12986
4801
12812
11401
8426
11865
24616
21287
24326
18459
14739
14684
5433
29182
28391
7742
1875
20038
30712
21296
7815
3973
17283
4202
16834
9642
6713
31076
13756
19620
11728
12629
4691
26238
27872
11453
14892
10216
4349
11397
27926
19747
903
30568
22789
18840
26243
6110
7970
1816
292
28665
17948
18144
24014
12451
17182
10585
13404
4000
2589
15847
16861
10084
22496
8282
23454
32195
26954
11161
5853
1678
11042
26679
9194
27528
4121
27577
7441
5697
21713
30143
12099
6571
22074
19084
5270
24120
3138
11546
3141
14866
30882
29984
32464
17855
2349
18365
14975
24223
26709
9337
32701
27567
7434
30102
10815
28407
4044
31654
523
7233
31593
10614
5590
7847
24617
12431
12037
27543
27262
24440
20777
8765
26809
6224
20884
13835
14113
7421
12216
13114
11480
19033
30709
19653
27298
24592
1295
25435
24021
21425
17027
30749
24659
2095
10274
15292
342
1020
15743
7961
11510
25611
20364
30681
23745
24890
3685
25733
6330
22856
11290
23699
29652
11831
13239
11092
13688
24118
769
16409
10936
7610
4617
8792
22661
15951
27515
1460
31235
16456
7208
25420
5400
30233
2764
27130
9868
17427
18832
8738
23151
28172
22754
26474
1152
30081
8143
30832
16282
17745
16389
31336
30994
11594
13288
14305
9620
30993
1554
13957
14748
26272
3992
1286
26211
10082
26320
8499
23306
28553
24601
24204
27814
31476
6380
31946
22585
418
24891
5152
6276
21336
16660
22188
20887
4077
23874
15805
13212
17854
29136
11874
23324
24448
16892
9556
4343
15286
13646
4398
31522
17763
10201
16068
27365
23132
5424
14669
23074
5418
30404
9088
5814
3841
7390
23128
8178
17203
10221
26860
11910
14280
12564
29203
5173
16736
13630
27670
25642
16635
506
17591
28586
613
7378
31631
11894
12230
25485
23225
14597
26438
