10000
24538
12752
25833
24532
13592
11445
8852
26762
17514
17905
11195
31777
27938
27037
22486
30891
24514
1843
3926
24908
13681
26092
14419
3192
23215
2682
2227
25127
12962
14712
10027
31742
3595
26715
29424
10223
5938
16594
26291
28661
22510
459
25518
8543
700
27378
5999
6616
25173
27658
8991
31378
3005
7406
22799
1087
14189
11483
15484
29072
12436
2562
1154
791
23123
11560
13081
32594
16575
10390
14788
30578
19522
21382
21550
15570
8187
6663
23299
7506
4797
27694
26677
11018
20886
27822
10844
12591
22065
19356
16986
26833
9348
10023
26885
6129
9229
2516
13590
11107
3548
18605
17927
8563
17811
29886
13134
17193
31630
4726
32473
25760
25836
19969
10718
21658
17483
14154
31749
9787
23265
12322
30030
27547
30140
24273
10080
29480
16506
2405
21185
8324
3584
11655
29476
6350
25863
24339
29751
20613
9184
9465
16456
25930
29763
20851
20207
21954
28044
27366
30353
29788
3843
19126
25405
32341
19199
11075
30588
29910
21731
23655
642
8198
11017
31544
10901
23533
260
16050
22760
22815
27607
24898
23408
27073
28368
15733
5523
23964
31013
16481
22345
20201
27757
31590
5025
19349
17155
30181
1698
14669
18389
31980
22842
21904
1881
6673
20377
24491
25505
4297
11945
14990
889
1564
7654
6976
8552
20585
22952
29042
7214
7834
5351
17363
2303
21766
12741
16180
949
27230
14708
20459
28995
24087
16473
14723
28201
21488
20752
29020
8771
1157
28507
9217
25911
8313
9235
11715
21922
5225
1896
23721
19546
29028
31508
26487
1275
30769
594
23265
19224
9127
28359
5685
11662
4329
32412
24099
8306
12704
26295
19808
7286
27645
16928
15538
29465
28900
13107
18351
11751
2613
12376
27036
13781
3064
28499
129
1143
1445
20845
8436
22250
10687
816
7752
21322
29724
2313
28084
2872
20806
14206
5315
9939
32610
27702
2206
9762
19349
4691
17323
22567
20423
20478
16865
12690
18181
5885
15979
31149
6276
24433
24488
13524
11267
10702
24519
10531
14990
666
9071
24638
27121
30111
13249
6539
20414
26281
7432
25030
28359
6928
12795
8510
615
15675
14212
13931
8348
25833
22904
18351
30647
5438
8428
15761
4821
32458
20110
9170
31618
14756
20397
26264
31059
9967
15990
13171
26426
26258
17407
1278
27110
7484
19893
31569
16286
2695
19334
8904
23582
28490
26630
3733
29565
31935
578
12031
8479
2389
1375
13445
29351
5835
13394
18570
20152
4249
1656
10061
26981
15195
6793
12660
30203
15879
4939
4038
10751
16518
5578
15788
19062
22391
12297
21548
19123
4686
14050
630
23304
9713
31654
11844
11169
23578
6
25444
13432
18734
9373
26351
24662
21110
3628
17729
13105
2630
12785
22769
4102
21813
22885
11325
24580
1121
16068
31861
22500
10488
22603
8053
28415
21479
23510
7100
19396
3832
6089
14946
21659
7842
28824
13260
15588
192
12320
3072
23715
14073
21293
17967
13288
5732
1954
28858
19103
14085
28228
368
28964
9170
32351
18366
377
23051
14310
8672
31685
14710
4335
515
16195
12475
15691
29792
19304
27089
25116
6394
5267
12432
27266
30934
17330
4359
1653
10510
1149
2673
31889
3015
3580
4258
9731
7871
8549
7367
31352
17874
14435
31300
13705
17034
28823
25497
5251
23808
27983
32158
13717
17159
16526
23239
30798
9819
12302
6325
16648
5708
25844
24210
24042
7293
4813
1600
19776
23105
8274
3143
5739
29146
16740
29995
9975
8341
9865
31919
13478
29271
8673
45
17023
21931
30449
13474
12799
2592
19231
21940
20926
4290
32153
19295
10851
10683
10854
7302
26818
26876
5164
4150
5054
25584
3536
15096
17130
2183
12832
20788
10578
1614
22147
1278
31343
12673
30668
31682
22831
2023
23228
11571
515
15465
1025
31936
2781
3682
26979
30192
30027
9665
19539
16830
14127
4578
5140
22402
30071
14565
22967
26806
5378
12088
15081
25288
7244
18184
17793
2620
27228
20182
16007
24922
5632
20356
220
20020
27576
14608
32716
31079
22341
6435
2082
22215
14323
28421
8065
11617
20645
13034
10777
12191
32437
2943
686
23983
10728
15426
15261
17008
12613
32126
1786
4605
17017
32022
32077
22606
23733
29658
11327
15547
12899
2182
29822
493
14484
7319
29657
1400
20467
14548
24755
12013
12914
8531
17046
15809
27088
8198
22635
26868
1437
4763
23210
31612
10691
4824
29080
17620
26022
22586
12996
26028
31385
7926
30151
6237
20961
17632
14083
6411
5116
6375
6204
3107
24086
8693
32665
23301
30637
3452
31599
11918
4246
15418
10284
27926
9091
8074
29679
27761
637
3004
2555
14741
14063
25968
7411
3016
18260
23391
19729
28977
30843
24130
7778
6709
30846
17991
20416
22563
8969
30516
10202
8565
11277
16408
14325
23573
29104
18729
1018
28319
9707
11854
28603
16536
12606
29355
26371
20504
3193
31279
16222
32751
21301
12676
17074
13974
3657
25708
7312
20903
28239
21752
6695
29146
10928
24186
16120
19449
9019
31070
675
17650
16484
20882
12990
32393
19138
29012
14911
29974
1491
27439
26648
27665
18927
1329
31662
19986
24897
21681
5668
1493
16779
26427
8096
26543
9171
13856
24289
7937
23068
3778
2541
20588
11850
11059
17155
7058
28266
31485
1197
19418
16428
30245
22689
32496
27362
25276
18233
5262
1084
2834
28730
9776
27035
22417
7754
9837
29634
10143
3540
12452
19452
27857
20295
10265
8405
28987
10940
30743
2770
14779
20420
9586
16406
21201
23125
30571
2198
21439
23809
26512
7732
28155
11293
13150
26427
22875
14693
25410
16449
23782
25639
27340
32135
4495
28635
32251
24469
26216
31679
26435
32522
26545
29428
18995
11659
17364
24077
7661
20351
14887
21600
11106
24664
11186
6501
8984
26249
12939
10905
16772
5444
13336
25125
14753
19041
10972
27604
5779
20439
11246
14242
21801
9615
712
5733
8662
1274
16734
3369
7031
3049
29840
20305
9252
13262
32439
23750
3391
8983
29339
972
4588
28389
1708
16994
31763
23019
16083
12537
19024
25505
27255
9947
18856
23764
1606
14015
11303
19595
25087
24186
23337
28758
19510
217
29546
18160
26904
16071
6823
5195
19629
11566
13871
1239
7100
3774
8801
8346
12182
24258
13318
20816
31759
23418
8248
28436
29246
9452
10689
14525
26601
23327
21580
16736
30837
23501
27395
9128
1346
15612
10190
25983
5902
24346
6079
7716
31343
7099
26163
2585
31801
29495
32143
12630
15978
28387
32727
3175
23598
11586
2390
3468
23717
22416
25012
6238
25128
9225
25912
29354
18747
13283
20842
27888
987
14022
7312
7703
14416
9798
12840
6130
3669
25610
5303
20143
6552
6097
29617
25112
17556
2945
22748
13726
16542
17382
22516
18170
27088
15922
27311
636
25402
2731
9777
28954
21065
9725
27323
24355
15220
25537
17648
24474
11781
21545
5642
26957
12633
9820
24593
5419
22952
7669
19058
14666
19122
31980
30963
11853
6719
15008
26635
28495
31708
10106
21578
483
30542
9514
11374
16279
29024
10534
24632
1338
11499
13866
32307
3091
32526
15661
18254
32758
30049
1453
26042
3209
3264
17136
29609
10206
1575
30813
638
3964
7357
24332
27545
29292
14073
3976
4144
5732
1557
6575
12439
17679
30311
31945
5954
17740
17682
4314
23668
10300
20394
17019
29312
20061
4067
12750
12918
11507
10050
2885
10667
16033
28891
32443
20034
26924
301
16430
25279
26293
2040
14953
3344
8588
31485
1423
17506
11920
25511
15707
24335
2788
4648
11383
16514
32643
32313
29717
4844
25484
17146
168
15451
11117
16981
3
21430
29832
19509
19677
21772
32092
32541
20200
11342
4403
2214
3848
11911
9226
10466
24338
22588
1166
30999
1670
21870
13917
14253
25306
25993
18547
4107
14591
15605
4717
7997
17923
18937
24688
15446
18152
9521
24025
22107
29889
12911
15303
24777
1370
4705
4873
18971
12484
27721
29920
1550
27492
23497
26878
4204
18637
26138
813
22638
4316
4371
32683
5846
25866
25188
13408
31116
21019
11713
20647
28316
12239
2041
4521
1925
19633
15580
12251
21499
5379
11243
26300
3171
3959
31706
30747
3797
14004
26862
19416
25796
15079
27824
28059
14917
3354
14542
5517
26722
17697
279
11445
31804
11225
12239
17483
19343
23808
14783
13992
850
11728
12742
20524
18954
1469
30288
17879
32270
9312
21098
30526
577
30016
9147
10919
9395
19715
27900
11994
24965
7593
27793
24803
2975
12739
29940
20689
18545
17130
9910
12952
15499
20969
20065
28806
23345
5747
25596
15566
19045
4721
9403
26088
28232
6407
19775
21629
19149
32178
5210
1771
18523
11474
11972
13160
1035
20568
15944
10590
9283
23271
14643
20510
5670
313
22761
23992
25629
14127
17502
10340
26246
27770
32498
28946
12930
28723
14842
24713
19469
21772
28259
20477
15233
13729
20106
2285
358
30420
755
2166
22632
28386
16374
22794
7398
13152
9310
27528
27360
13656
14267
9869
11619
22449
17309
11445
28197
26383
26496
12172
29770
4917
29283
9941
23355
20197
25218
7623
18386
1582
24256
21709
3436
20075
25942
22549
3207
14431
26999
25252
23618
30322
21074
15378
6976
6008
3586
32069
14604
13929
24081
9024
25709
32367
29154
3313
29991
21702
14024
6694
25306
32132
11031
12894
22765
32230
26140
12042
13566
11923
20948
22811
19192
24946
1710
28727
30833
18653
31795
19548
17914
7481
6580
4372
15315
6180
17056
5777
18412
11748
3798
16433
14460
14057
13776
26750
27474
11119
8245
29047
16302
8352
23073
20950
28848
6797
30702
23146
17789
11699
20602
23818
30192
8865
28888
24490
11632
1471
23018
16082
14155
1975
19573
26906
4055
10542
29719
18431
14879
2021
31802
17553
30414
28554
24089
2716
23585
13311
8800
27977
27415
8907
505
27409
9634
21423
9750
17422
21643
28356
609
25754
21582
27449
29086
20617
16445
8889
31073
24363
5076
10097
14205
7608
17592
3314
26834
7547
9184
18368
9120
16679
22592
20732
32408
3195
7077
30823
14920
26483
13164
12263
6173
10507
9606
17785
23032
17298
13239
24295
18984
19155
18141
16620
29808
18248
21464
531
11587
18300
2510
25004
22637
12317
12479
1423
28950
17894
16477
32273
27026
6603
16810
11230
2712
28902
20784
9221
32112
20210
1546
18408
1989
8986
23423
1815
23866
20711
6610
15345
24034
30970
14325
17651
16527
31471
11781
12123
23063
1116
22608
5743
24208
19187
5260
685
3052
969
27870
28258
14044
12807
30848
9020
12746
5920
3769
23457
31859
1170
27225
21758
24238
32127
15775
6524
9337
8433
9960
16128
1181
31246
30568
22044
8789
26164
2870
30498
8450
4501
19439
12952
20288
15493
7702
5958
24512
29524
26534
14693
4196
13783
26363
10457
8533
26467
31546
32470
6638
11717
3538
3080
26771
18366
20672
14072
5728
16668
18241
14912
15028
19026
30079
26304
23595
26521
24945
23308
8920
19014
29169
30070
16528
29160
18730
21628
24221
21405
30146
11302
11751
27321
23
31713
30024
19814
30467
8981
29847
28769
4122
14842
677
20810
1752
21772
20694
900
17875
25651
13242
30223
32083
10052
20714
4582
29391
11906
31425
5367
12465
4573
4741
30170
1687
4625
5413
14261
26893
12175
31175
11039
8110
7997
20962
6861
12954
21915
24282
261
28741
2706
3216
12464
3659
12739
504
12290
17754
1457
11551
26040
9175
27283
29876
20280
30774
8326
18979
27607
14865
4704
755
30087
18637
7407
22580
11863
13746
13914
1059
7995
17915
19552
4718
29527
8038
12836
11312
27887
18639
1154
14345
23932
17732
21171
19247
24491
25905
10781
4407
5821
913
8802
28541
16361
23940
759
19713
16723
20608
24780
31270
4415
17273
11412
18968
29734
24713
29960
3502
3896
26967
27361
31359
18107
8856
30620
23907
3438
277
6251
4504
216
4075
9942
1027
28438
20369
5706
25726
4234
13992
26734
20024
20922
26673
12236
31972
3886
4277
3883
31966
10648
27846
22599
30158
24288
29196
28515
20959
22590
17459
29668
3100
30624
3830
4621
28248
13698
29601
11267
19333
29763
16059
24348
10244
24458
17855
15149
21236
7645
25463
5104
929
3632
11811
11243
26077
5318
1766
7207
24292
3933
24515
14476
7366
30040
21125
16385
5445
8261
32514
31213
2620
9666
29802
15979
8423
13890
8759
21785
23868
13774
5873
24204
27133
2770
6545
1383
20560
2452
17625
31720
13279
305
2275
10961
32163
20603
26690
16141
2043
26629
9
7788
5421
27469
1918
9590
11447
10546
6029
27741
8228
14654
15332
3004
23760
5032
5710
23812
21552
30070
22734
28882
8856
25834
16299
17142
25208
4562
729
15389
18379
27117
16229
1566
21302
31738
2406
6581
14925
9394
22762
19853
8067
11448
21319
3663
17984
20186
5969
16964
6757
17694
23561
10022
25195
12557
20003
26881
31163
12496
23772
25128
28564
22474
5777
16094
10850
4473
14344
12339
4557
605
31678
7089
10638
30493
31617
20503
23719
23038
18472
31214
32625
28786
13555
3235
8421
20830
8644
24150
14169
17098
18002
28432
10724
27922
4314
29526
533
6400
10175
26194
21622
29627
11919
11464
524
20260
9320
8978
26515
16534
6886
4852
30910
23067
12686
11785
5521
22499
4391
32761
30727
5542
29175
26408
4916
18510
30745
12417
2543
16470
13031
3383
8630
14943
2870
3548
7323
16800
3542
20520
20685
16959
15438
10133
19158
13853
18648
22309
10772
29103
14437
28987
11163
29830
10314
8790
20689
19672
29879
30047
24800
9007
12220
27503
25640
19886
2401
29922
5782
25802
23319
1717
30930
17675
5773
5095
13384
28864
5118
31399
29536
30550
3533
21015
14302
934
11761
13395
22643
2507
27716
17506
30984
8310
19363
30190
3286
26803
20090
21837
29393
797
23468
16755
736
12946
28003
32288
26308
22753
925
20325
3460
131
22295
31824
17723
11236
28211
10894
3448
32154
30743
16529
1582
6035
11279
13139
19397
28025
29772
19055
20069
5713
9265
17893
14112
6666
31255
8862
683
5927
30403
11507
13648
18046
4791
13700
17872
21650
24524
22267
17359
19387
26097
10304
16507
21073
21974
15881
10860
12523
29272
15372
31782
6063
11081
1491
9893
25063
29574
14062
5770
11127
2722
633
3226
4127
6326
9765
15009
21661
20983
13311
4625
10715
12236
673
11442
28191
27513
11749
1878
31937
27875
31989
235
25896
9144
28657
30291
30175
30117
24363
21712
15958
15167
19226
3433
13469
31910
12620
8277
22714
14309
2407
32747
31223
23664
28259
4571
26396
8911
28931
12967
10484
20410
22044
31292
12848
381
28974
8838
15548
6410
14644
10356
7027
20560
7192
29017
23150
18468
18636
29802
16434
22524
14710
31685
267
26548
4213
28802
10694
27782
1104
21463
22477
26029
13620
1434
6678
9384
32281
24102
6617
25284
20712
4806
4974
179
28885
17435
22679
6773
9505
18753
18301
3128
10403
26419
21960
16319
21337
10000
14171
15411
22121
15521
18563
8579
28825
25496
736
19290
846
28593
25603
23966
18438
25994
3036
12623
30755
24042
13551
14394
7345
2611
10170
14718
8854
26113
7559
20701
31082
28602
26495
23563
31968
19843
23172
20579
32765
13738
21297
10864
1616
24797
7089
30160
13586
11500
31636
32088
31300
19401
1354
16527
17071
1452
10477
9463
10254
22663
26612
16384
6797
597
9622
23384
20678
21469
20831
10624
12035
14292
9894
4650
5328
2178
16056
16734
7260
25478
22659
30481
2508
7303
31443
12776
5220
11087
25958
26749
10000
23481
10904
21001
8369
28505
17431
29898
6381
10669
9936
8302
7288
28673
12657
1662
19147
2511
20955
11594
27534
29284
20036
26694
30023
23313
21847
11506
11451
15006
8916
20650
22513
2267
20464
9692
16631
14771
22388
12914
17089
629
11007
24262
28663
26803
10674
22521
25942
13084
5809
678
27695
21776
22454
25762
30670
28471
1344
5971
18945
5467
29079
24568
32127
3986
32243
15381
12788
18550
26109
23177
27352
25605
17542
12524
3649
20288
9519
10197
11495
18208
6141
23492
9675
11877
28629
24118
30831
39
25737
23144
10118
8258
28000
30370
25859
20003
29028
32244
15269
17471
12340
25482
12603
3074
27947
26200
7533
12273
12105
18458
18855
12765
19197
20721
22132
19426
31646
14671
10273
17438
28155
24603
1932
7242
12263
20668
8036
3018
10577
11368
19639
8699
16258
25509
1146
7013
10342
19459
25326
32039
27867
16081
3449
14392
29883
3095
23964
560
2084
18103
8855
19241
26800
4975
7232
23364
25001
22295
25716
7895
19684
4740
9028
13203
24766
9688
9746
1231
19901
3659
7214
25545
428
6182
2630
7031
16902
6188
10137
30788
12347
27407
6541
7219
22505
228
20120
29481
13242
1227
6871
28922
19112
15050
3527
24793
29191
2574
1050
26546
22258
11920
29069
7128
25010
17677
10518
19496
23894
548
5792
2017
154
27342
6626
26872
4598
15538
19264
18873
5392
29288
579
27147
5319
9158
5383
17169
12527
30009
18846
32211
8132
21277
11180
8654
3520
10630
26533
19374
22367
8886
20205
20993
24832
8080
17615
2955
30702
29951
18388
30800
24200
31536
5313
15633
17026
21424
18776
30675
27972
12179
23067
32384
3168
2157
17327
9716
7233
17220
9887
18103
28823
30683
22058
20702
4463
23130
16176
7606
24581
11106
25317
10205
25714
25189
30381
17746
1733
12673
28750
17807
27970
26672
6484
21208
14834
21211
229
25365
16453
25368
4447
4389
13643
23737
23719
5275
8607
10354
26770
32695
10360
7578
4475
9612
28053
27888
28285
7077
20624
21638
5005
21980
20517
836
24579
20557
19485
32743
3188
24793
5845
14473
22408
26580
32111
11694
5607
18972
12772
30801
31476
24430
25444
24772
19018
17668
12658
21906
29129
4763
15202
19374
5560
12270
19414
25058
12197
8367
6730
4647
17279
21039
30687
7167
9146
5817
13773
16686
31010
24810
22046
30115
9133
21320
17990
23753
27705
23756
32051
1989
19700
25323
17257
16246
26566
29049
19578
3785
10987
27962
32760
2698
10880
27009
10037
27745
7478
2237
28405
23051
11488
10477
27339
21540
25938
29157
31863
23574
27300
28540
19781
21415
27285
12225
7717
2076
12286
7644
4993
16049
26036
24399
28577
27673
3179
14119
30251
32398
17677
20670
21064
16225
27165
22260
27791
11039
28640
21194
29975
20785
6794
2509
17123
2686
12270
22141
31319
26185
1822
28054
16775
20
14164
4070
14161
25104
19301
20825
21216
22514
11531
23091
30650
19884
12102
6458
32290
6785
4412
28778
9778
304
18122
16149
29447
32150
31869
27138
25278
8636
16125
18495
22044
1572
4342
5020
506
13717
23588
17098
32045
23930
11185
5318
28145
8632
13027
18781
30744
32268
14780
20534
7945
6305
5404
8400
1858
6479
14884
11824
26316
15376
10758
26664
30439
23051
2761
24589
24925
22732
21211
20304
4175
4557
4102
11661
25429
10259
12510
19223
16050
4264
22308
22711
17580
19776
32298
25741
11585
6900
30533
1381
27943
9276
17750
30553
21525
23388
11889
13184
29090
8997
5784
10686
1212
16617
23043
16953
5604
4190
16092
30593
8203
30251
21116
15689
29390
13148
29228
12818
2831
11236
14408
22752
31157
17740
26991
15257
14017
3456
29453
6443
133
21567
15077
25174
9198
26796
28485
2097
23925
347
27291
28928
23736
31182
30287
28986
10206
6610
4017
19242
8922
19193
15754
13213
10886
32320
5526
24703
20537
31700
10495
22269
20409
7151
6137
8006
14093
21426
9793
14533
2121
27953
2863
24065
25589
20301
19965
11670
5580
12299
3384
14327
7883
28865
32640
28355
20466
220
25032
19434
18646
6460
29980
13631
999
29928
20326
26193
12315
29067
24449
31721
9896
29988
20740
32129
16226
31799
9461
17020
3808
21632
28678
11703
2235
25355
27725
21394
8142
8307
19476
3973
16941
29350
24711
27307
27078
32612
8869
21217
32273
28904
29582
2394
21971
22988
25184
23324
12030
16938
20600
10173
15081
26641
32392
16532
30630
30572
13154
8866
14617
28828
30621
30450
28080
9477
31528
10320
6032
3285
13999
28436
30024
29346
18403
579
16528
18388
18217
18452
4971
3954
28430
25993
9015
21760
9079
8175
13193
9977
9119
1560
10808
8166
3145
31738
4834
5358
20415
8513
20366
7731
11903
7728
25369
20348
28750
1913
2701
17025
273
9454
27049
1837
12777
30552
23613
15208
31438
6339
9045
5896
21179
23039
10517
31287
21529
25081
30447
11270
11551
10873
4374
23887
31556
26996
29815
14022
27894
1149
10623
26920
11307
26477
14236
32057
24657
10724
1699
27201
1989
19245
15070
30935
30990
19708
7140
19152
14244
32233
1258
31036
26015
6227
19085
11639
27203
12415
626
7843
6273
11291
24262
23471
12968
16294
17534
14666
28990
4624
12632
10786
23137
17496
29056
18235
16485
22068
19744
5304
7164
15575
31704
13880
14894
29716
13923
8789
19625
13645
23684
5973
29365
11767
20902
7714
6190
6697
1902
19739
18102
21654
17488
19235
14214
29949
8900
25762
24012
15616
11273
11948
24580
28007
7871
13735
15436
14758
2068
23047
7074
15476
12202
3018
10574
3580
8598
6472
19158
3252
25991
10931
21025
4105
9168
26030
85
7021
14134
31955
30431
13838
32505
15866
25340
12998
925
12824
27307
14165
7678
12253
20035
22741
26293
25126
12717
19653
3014
20279
28907
17231
4022
23422
26974
13719
8991
4645
16431
5873
4123
28092
858
31143
3732
19748
1576
30169
27967
1243
565
7837
15749
1028
11968
3056
24102
11919
16937
16021
14384
21094
13141
21610
20312
11907
21650
2360
15331
25840
7839
13706
5698
24255
11128
2387
17447
9824
13660
1028
26747
26310
25183
28906
22413
13165
28845
6015
20736
16848
7420
20449
22086
14191
1177
23851
25995
30103
30555
16344
10028
8012
11228
14218
17254
18665
30851
1986
9432
14960
16484
19410
32552
19807
1094
7807
3409
28395
28160
1656
23258
24849
8720
3476
5000
18698
7532
17403
13072
29711
18545
14147
32188
22601
27622
16749
4398
1918
17824
18493
4169
10882
14278
6044
5256
7739
61
23581
26177
1090
28840
14687
5372
27200
16260
12143
27496
11425
30715
27435
17228
2339
8206
25758
9855
3936
3081
13798
32636
21809
24304
8175
6654
11495
16797
18547
1685
11623
19127
24374
3102
10942
8520
8645
524
1202
1373
2097
24545
2778
23094
3975
23998
17062
13049
27150
22190
21976
7313
29141
14310
10917
14753
28967
6815
7606
20635
16463
11717
3315
18882
25595
3330
2542
31871
13757
15394
26676
10773
27253
2777
23646
11014
11344
28209
9429
13164
11530
18637
14117
18799
23707
3067
32182
16899
8384
11420
14355
14074
18768
26666
4502
29366
3931
18032
5287
12520
28313
4570
31859
32595
4622
22739
1534
26633
28044
28487
24935
1305
31999
22525
13503
12648
22745
25228
10171
28795
14471
27106
4368
25350
987
2737
1170
1228
17247
18930
3760
24009
13249
1463
26675
18386
26724
18322
1573
11737
24259
20087
27646
4795
10662
3952
9999
5827
22579
6789
9092
16538
32557
3411
27890
3527
2513
6847
29408
7583
28858
15493
24011
10353
23608
22933
8496
9580
106
20694
4498
14708
23226
5405
7842
23974
19576
32654
31243
32318
29102
16821
11180
18177
21729
22004
28155
8978
30650
9442
2509
19991
29798
25177
5661
14756
19548
31114
13290
11140
2402
652
23903
1116
26725
17807
15437
5627
3257
11167
1070
7560
15962
16237
15846
15055
14731
27250
10898
28939
3727
798
23469
26529
11356
24388
11353
3794
26978
22803
1442
10690
7761
27048
12321
6008
31217
31739
24128
31684
20848
29363
6469
9175
23346
28199
11560
14712
17418
23908
9129
20762
4123
27588
23972
1411
5476
9929
8139
22463
4645
21388
22402
32276
10674
30540
26759
7982
23998
3575
25513
3465
8498
16674
25589
16677
19603
17233
18928
1064
6928
17028
9469
25479
14536
3599
28075
24367
2600
18616
17651
24755
21826
17990
5089
18515
22293
2490
401
10388
23882
17168
13733
4143
2557
6955
7297
27727
7704
4494
11430
31783
25296
6348
32250
31233
27684
17306
17581
4326
14933
29666
19795
19517
23802
16463
24978
18891
2985
22571
22739
29116
23362
27754
8690
4011
12880
31153
8146
31663
3513
3910
32503
20448
31107
16447
13964
10290
3244
9954
21361
20570
28639
156
7990
27277
10192
1787
23401
9587
17143
31913
29430
3885
388
27756
26965
21611
1750
17992
13597
23917
32166
10451
17277
22008
31711
28608
15820
20218
9901
5106
31833
25123
983
10078
27053
5005
12787
26711
23495
19436
28531
3545
28534
26051
28357
20911
10481
3035
21210
13764
10102
6773
32541
12744
11507
30244
1648
4134
14228
11684
21158
20767
17621
982
14014
32061
24835
10114
13107
29462
16561
23271
2518
11366
1269
11482
26991
1400
22608
28472
1565
24239
28408
4891
11112
679
29159
15281
31807
8284
25149
16875
31932
28041
15516
16420
9594
12205
27039
9551
11921
1824
17330
29513
7309
28065
6460
1103
2340
13900
31498
17415
6136
14761
12901
23615
2010
15265
30679
14550
16407
12968
17986
23227
22946
10555
6890
23639
5192
794
19458
13368
26867
23648
10790
13493
26748
29228
31219
21012
23715
15200
12827
21852
8820
11715
3313
7088
22881
22426
15716
201
19491
9131
27575
1853
7998
31518
31909
10084
10777
25724
3670
30907
21659
16296
27239
18516
18287
5090
15578
27700
18452
17453
6513
29520
4928
13333
5432
14063
27956
28234
12951
21802
2796
25690
9900
29715
22379
32476
2918
1058
15944
16622
4734
22552
20353
4557
14034
26889
27567
6942
30349
19067
15115
22787
28028
12406
25960
25566
12534
25841
25053
3222
4859
5271
14861
6905
7357
20325
16092
4306
29646
19439
11370
5845
21351
24619
23944
11666
9125
31179
12845
19610
26210
32318
29331
12802
19515
30452
30562
27123
29001
4412
5368
27083
26289
25388
28882
19028
5550
5602
24046
24156
23875
17837
31673
11314
10578
9451
18922
30763
11983
5346
16796
11717
21075
5624
25980
5621
8458
20299
16860
18943
22498
17813
9145
4127
2826
27192
25891
15797
16188
10058
6732
19700
526
18796
3339
18399
17345
26083
15989
2111
27323
1940
12504
10137
21413
24742
11823
4267
16502
6028
12121
781
7381
7885
30779
10872
6095
16079
27468
20984
26225
616
31863
24661
7179
16650
24322
16986
29334
23244
32568
31554
25064
29465
25739
9210
1428
16335
5621
32125
13458
24960
17288
14579
2191
27626
24071
13861
1452
435
32525
5642
5810
21600
17538
899
30112
557
20091
28719
30240
29562
2545
31984
4460
21942
5324
10568
23933
7914
9209
24492
15262
1781
8265
3131
14804
3861
419
16343
12055
19611
2746
12840
17858
13796
9642
22894
15335
17702
28642
1625
19354
10949
5815
14217
4007
32600
24082
18236
7293
5204
18569
12
9147
25297
10011
986
28000
13221
6734
26247
22319
11657
20285
21299
4660
32688
28626
24699
19791
3998
26049
12003
2978
28413
20967
18053
2993
29161
29329
19458
12125
4001
27765
22237
22573
6780
28718
22512
8411
13676
22698
2562
30083
13331
19702
8160
9174
16278
15261
17121
19714
23434
19167
25370
11043
607
30892
24405
1413
5698
7784
1465
18553
5072
28250
24096
10163
22175
11232
13712
10325
27208
13107
5380
5209
31377
18684
18006
31731
6293
18192
2851
2173
23885
31496
29260
2976
2863
3031
19780
23048
5563
28142
9924
19737
6482
18888
22440
29938
29394
22568
21664
20818
3107
6546
22449
10962
16826
10959
14117
19135
13155
12477
15879
25973
10913
1494
14126
10684
30139
10024
1451
27506
23331
4041
10806
10748
21822
31916
19226
3320
25145
14428
23279
14388
8747
568
4966
171
23178
29268
22915
29851
10674
26803
971
22909
29732
29524
3805
25010
4028
16489
16150
14626
17069
20001
1783
595
6798
29808
23342
4278
5515
10646
5118
16904
2070
26060
23577
22389
2253
955
12008
23794
26634
27028
19918
16589
31026
25159
23861
9894
3856
17053
13724
21280
6559
6238
7139
7646
16836
18696
8938
18186
31178
30833
13745
30271
26945
26551
19841
1684
31859
26502
9301
31129
16805
17370
24367
16811
21493
8522
28096
22852
22684
27366
31541
25338
29910
1317
16038
3180
24895
4649
8824
12773
17232
6179
28740
15882
32521
26544
6072
21132
24858
11775
8110
5404
20128
27461
17874
18439
19117
18726
17712
737
3107
2939
1079
16139
2435
6384
19416
10055
19926
31489
6167
10116
15870
14856
32454
22360
3751
28117
23945
23325
28459
28462
20060
28465
10079
18484
27735
30218
30954
7437
2419
20750
22668
25997
15903
19232
7504
8182
15741
1698
15066
16703
29338
15860
19134
1313
26751
8478
6844
3292
26870
5665
9953
18639
18471
1609
30205
1612
26036
15716
17353
10756
12674
24237
28638
24411
20013
32761
671
27010
21766
14943
3383
17484
31756
15120
9030
11400
21497
5988
27816
10560
23928
1257
21900
12652
19704
13840
5945
24615
32174
7304
3978
10352
2796
8550
6409
23161
29535
96
4723
24013
14425
12565
6701
16291
11273
10033
25206
19962
29778
3497
13368
20814
5644
5476
64
15011
18227
23022
5992
20093
4697
6899
4080
2220
29689
9330
22585
28226
2736
17683
30092
28232
1050
3420
5790
28351
6300
28015
16794
24014
29035
11327
27966
7833
20468
6144
280
3609
6938
12805
15288
231
23751
21159
23642
6780
10955
22010
22688
6785
15190
16714
25965
5099
19200
29297
4934
26762
19319
8266
19096
10581
23442
15773
1223
14930
16341
17978
22379
2979
2304
16405
19960
2139
5694
19175
9081
29837
20815
28994
2319
459
25277
22064
15241
6952
11127
7068
18124
17956
1827
6961
26477
12211
3693
6460
9166
2740
3421
1558
10586
13799
25872
13463
20461
14881
5010
25769
32253
166
1687
20641
10770
960
27415
23240
31196
29446
11628
1818
8415
636
31541
21844
29626
22354
3464
32057
9050
6454
22870
14465
5727
18646
27894
30041
4829
6976
18875
12562
7654
3879
12794
25426
4844
1515
26278
6142
10827
12461
4456
23410
24311
2883
29671
20820
18337
28605
32670
26070
14174
6050
25117
28669
8313
28394
28562
29976
9953
25636
818
6462
29359
26543
18364
15716
15551
2296
10478
16736
8111
32700
4165
4846
3603
20978
1068
13535
4797
19234
9989
8239
5817
5872
21781
26799
22685
32446
17612
28500
12820
1938
22584
22132
14127
26420
23491
8770
6235
22651
5053
13461
13516
26942
2915
4216
25256
30387
27571
14429
1461
1629
27971
8794
27015
7221
23350
22846
3556
30237
31251
4579
13714
10898
16371
12309
26074
12425
24837
3009
1659
8824
25799
19373
7810
6292
10690
15995
89
9117
16282
18142
22601
29424
23789
25423
26724
23508
30786
26898
16801
394
21373
5021
22842
568
23694
32096
23358
20707
20429
15408
32557
31262
12818
13105
15585
26192
9327
9950
9559
31384
32685
2342
28064
4544
23611
18703
12106
18596
8218
1285
30727
28357
32422
30165
8117
1517
27352
15679
18385
11565
11733
25837
4968
16757
7286
2491
8135
24264
21561
9152
8141
11470
13330
9781
12487
11589
32568
10633
9112
4937
24963
13626
29196
22822
22431
32641
19386
15612
14314
14149
30278
23119
8398
12237
25715
4849
7335
6544
6999
30122
11232
20706
29224
4751
915
31600
6840
7967
12093
24615
3630
9497
23885
26368
28958
19209
31844
4937
11650
5340
4323
26151
7771
722
29651
21820
20073
15895
2191
4341
4906
17312
117
19068
17654
24141
11063
20088
18674
18683
10901
31257
26633
6338
3119
4756
645
9670
17959
18191
28908
1381
29751
21749
1390
9056
30948
13973
21752
4664
10705
5461
15555
17479
24079
31012
23343
8460
14214
26110
21712
28996
18502
31024
13829
19864
15179
21892
467
32725
1707
29011
7354
32166
1035
21516
2562
16043
15655
10692
29582
4486
21696
4434
10188
607
19106
21189
19668
8168
6925
10141
29211
23402
11949
2539
17486
9417
19627
4011
25726
7053
24538
16762
15406
31425
2667
17614
26578
12987
18579
28896
28728
21798
25860
5495
15366
10861
15769
27949
25136
7935
6521
20460
5910
20118
5907
13360
31578
9804
29269
2368
2365
11277
20928
6543
30063
5761
28435
22904
23301
19190
29339
3284
21788
26809
18346
23987
12601
18407
25120
32007
24790
19372
18132
23553
15936
24961
152
15099
11825
20850
26891
10927
24182
29490
15166
29432
27572
17765
26109
31017
20364
18336
16809
5643
4128
9369
741
24548
30134
4299
26860
26359
29575
18009
29071
25519
26643
23204
24395
4995
23885
26368
18253
23387
6125
29312
32641
264
2014
20013
15108
384
12573
31017
7213
7158
9308
31249
564
27981
11119
16586
3954
3566
26240
31707
22013
4418
14115
3908
25516
11925
9158
21121
20220
28225
9671
1049
17068
8999
16332
26209
16335
2237
23506
5178
28411
18091
20580
47
26105
30512
26899
14893
3727
5923
26285
13940
4405
27812
578
27650
26126
23417
31773
5941
19193
13054
3183
587
30713
2850
18753
11927
7199
12104
12779
29821
11997
10473
27222
11157
17247
8616
7892
16914
21199
171
30569
20359
5412
15460
12864
21999
13774
8753
32157
4407
5375
11972
19415
1038
9440
27035
14400
5949
16043
22753
26146
22817
32065
5161
207
14531
204
2638
26155
23446
15108
6703
836
3936
13251
11275
29716
10719
4287
27184
13150
63
8578
29783
25055
28662
30522
29911
8477
29682
5542
31945
21228
29856
12325
6965
19710
11531
6012
29755
16500
29199
12560
26432
14023
15950
20403
10532
10767
22666
10538
21704
3327
24700
2252
28881
5361
31755
236
26291
26685
6662
30246
29736
13323
25955
4194
11411
4698
8824
29183
24162
14639
2850
5782
20500
7932
16954
25356
13240
11490
5736
1674
2416
21929
889
23007
16068
25429
28981
171
3723
22897
27295
29784
12299
12128
10671
406
17830
27145
13890
32218
3848
305
6395
16263
4587
1438
1435
31833
30376
28681
4315
16000
20172
16843
3362
6077
28748
6920
2926
6930
13414
14428
9529
14547
4450
9535
397
23859
21376
26461
32325
2150
522
6725
5876
11807
6786
25905
13270
12601
6734
14177
18022
19882
23434
12717
11260
9113
19320
21360
1337
1505
10133
27175
13920
31118
16238
445
31689
22664
3554
27297
7274
22847
29050
5756
3386
4354
25559
19918
18394
11015
8022
7457
4195
4589
4024
808
13110
13391
23485
19603
14075
27043
6467
24288
31224
16164
24126
12337
20006
32421
12285
15950
13806
26505
11445
10880
9243
9814
26056
23912
10498
10892
20140
29058
28441
21392
1146
26291
3339
3284
398
15009
13149
17186
5174
18826
7819
7312
7031
11206
8210
22198
19379
23261
8488
9899
18898
2769
6831
13028
29441
17655
22450
1291
22047
8853
23846
30220
18321
17307
7585
2341
14750
7860
31154
9103
6284
10392
1541
3178
20596
13547
14225
13211
24130
6309
8679
2299
27285
22887
16797
8215
13010
6074
3078
7873
28742
28574
20767
14057
5655
13092
7228
3902
2549
9986
18391
20874
21879
8401
112
10241
32069
1784
19382
12605
14523
17852
1836
16887
28676
15198
17782
13723
15360
26336
16242
9419
7785
17137
24583
12177
22048
25594
27964
2190
4493
21132
31342
27316
23144
18407
21003
5653
30077
29176
31479
7229
8301
25673
19855
30856
7959
6639
2241
28467
23675
17518
10866
22429
2342
10182
8041
9452
14012
13731
17906
31082
4688
24824
22616
25099
11114
2373
14941
11954
168
8167
17024
17815
1460
20951
31387
21293
31097
28110
15478
2507
412
4587
14232
6609
6160
25450
26015
13471
25034
9018
6190
17753
27624
24918
30324
13349
26604
17008
22649
14867
19607
23870
22010
4189
1483
7002
21949
17551
5585
31249
24313
32492
18666
19344
13987
24850
5224
19352
30915
18509
2426
17599
27696
32097
31129
16918
21093
22663
11723
7551
7496
25295
17006
6066
18521
17846
23713
11814
21957
26978
31999
8528
14395
13607
16404
9581
12910
21428
269
26440
5461
4447
15210
9459
23899
25356
23722
21129
22146
17949
17274
6954
26403
26235
25447
18117
400
11963
17143
26168
25493
2596
28122
6410
17127
29921
18981
653
28449
3014
9840
13395
10115
244
32508
16244
22841
18953
11727
21708
27126
11840
17191
8566
28925
19048
6300
6868
20721
359
28732
136
17105
19139
1541
18397
16027
23024
3334
3502
19805
27248
14142
11213
26890
11317
21811
17523
27837
14356
542
817
5948
6516
20840
14727
18899
32664
26397
22109
28260
14779
16859
21544
10601
19449
159
14883
9862
10519
17229
31953
28111
11246
21007
30255
2725
25622
23652
4588
14449
8362
14565
21312
19901
18044
14828
8729
9410
27231
21077
18875
30554
27338
17122
21300
712
30019
2495
18459
13038
26742
20823
22683
19913
31812
28431
3045
22445
9871
31189
22538
24346
2518
24282
12493
17685
26087
25122
17563
29410
30137
6617
11696
10059
13253
5187
30457
32537
16405
20470
13638
21533
21142
5349
20852
9796
19557
8143
17391
26306
2899
29287
31034
17275
23472
7285
2493
22959
32039
25952
24089
7205
17641
12733
23386
4716
16282
95
27216
3076
11820
20668
11136
9786
24223
14670
17043
14334
25720
11225
32097
4
26505
30286
25265
12230
22437
11726
27742
8149
14639
18698
12431
28899
29409
14288
694
10284
7966
22910
20036
10259
21086
27292
13298
23957
25313
2013
28633
31626
24067
16163
16618
2517
27707
32218
12931
25276
20481
125
17946
17601
8576
4181
3503
14043
28370
13951
29420
7818
6074
11874
22194
8719
5390
5271
4593
29805
4532
27429
18804
5436
12973
13141
5698
1349
27630
1239
18327
20123
3771
4165
14931
11828
6077
12542
5322
13617
20440
29514
30418
3627
29508
8865
860
16369
15911
25275
3786
22095
17300
20632
27342
2292
31285
23219
31447
8156
15202
25299
8770
17905
20895
26291
30466
4518
19462
12752
7728
9365
6033
9982
12065
50
615
4390
26725
16386
17684
16270
10406
7697
7242
5156
12935
32729
22635
2609
7065
7966
11670
6200
25090
28193
18319
19840
1060
18991
23673
18875
12049
21920
29812
27952
26580
3683
29961
3057
4581
10668
23923
14049
18957
10775
27414
27579
30905
30624
4098
32468
15093
16730
23776
1383
8942
140
21968
16605
13279
17054
6392
17335
17881
17826
19063
8291
393
19170
25037
13697
6141
1511
14259
27227
21641
26662
2054
19652
31942
5887
4586
30189
4247
3679
32162
17606
18623
22172
8352
4293
23506
28414
6302
28750
7258
6748
14533
25977
11653
28005
32684
12325
252
19429
2604
4128
12133
20083
9369
735
29951
225
13251
29890
21201
6651
18266
28964
4488
15425
14524
32568
20388
4479
6116
11189
20547
26753
17951
2442
1141
11332
18665
13980
13531
7041
16066
27342
20458
20855
26829
25980
3309
16784
32690
32109
24947
23646
22064
31822
30408
13433
7621
6607
230
25216
12804
13760
29666
3027
20512
19663
4380
7761
24846
22140
22305
6176
8824
5272
23936
21395
1882
27469
19632
8066
20475
24870
22442
9471
9016
3152
23621
104
7263
13130
28636
14180
24277
18972
16492
16883
8814
19644
18343
13325
22796
7006
15631
9034
18618
18544
18376
1114
28131
10869
13352
5396
22594
8383
7815
22029
23379
7363
15988
16159
14054
30519
18620
18391
32718
115
1132
2482
21145
19624
28588
13531
7041
11931
28909
3920
2399
2564
10236
14970
16094
1150
32391
5829
28216
25956
31710
13928
20864
841
11555
19337
19786
26722
10590
380
9008
5453
23274
22257
6464
24214
22351
28441
28270
10785
11573
13094
23301
22397
26456
7899
24874
13592
16185
29817
18028
27896
30602
27893
17909
29695
23095
3805
4593
32453
8933
21565
25624
12185
31246
16919
5637
31579
6987
28699
21140
16006
28525
5005
15945
23769
14518
23766
11131
9381
18629
20263
11858
29566
12814
18452
25388
3673
14726
625
18601
6247
11491
31850
16057
432
19945
20959
23665
1950
29978
27608
2622
8712
29960
31142
15349
17942
24878
28317
1639
23858
26677
9360
6990
15618
31747
17814
21521
23155
3978
7643
6400
1379
10853
1996
17505
18519
6730
23027
24267
27141
2310
5636
28646
28249
9805
26047
7997
13974
20684
4271
5172
5621
31789
32577
15205
7575
22632
5541
4130
11405
30072
12361
32436
28374
30741
17938
6375
22165
27393
30945
12275
14135
25640
27216
7193
25521
20613
15424
13561
17113
6958
14740
19800
8237
1243
19910
19965
21486
27463
9074
16630
7379
20970
15949
5684
11548
3989
12601
16773
18520
12485
21733
22747
11804
20206
4355
11065
22851
20087
18337
103
3429
14369
25309
6697
28522
14308
5903
23666
24567
17741
8942
7418
4315
22136
13602
6156
6324
570
30235
13596
15456
21546
3551
26561
24304
8511
25822
5954
21237
8941
5612
7301
20272
5325
21454
3123
6675
7912
29117
21897
10334
26618
10938
12685
9072
32589
17755
13806
9011
19667
15492
15040
28970
21524
9606
5431
5938
6219
18851
17776
22907
30576
12865
26682
10776
792
21884
29553
29721
6072
24852
13063
28682
32121
13161
20720
28786
2505
12886
20952
15595
26672
5751
27747
17653
28034
1979
16679
31513
31119
23450
16740
27234
26220
30190
21788
7971
20606
3405
17619
26308
3503
29222
24091
5537
25334
24433
21727
4752
1111
9403
13352
10533
17133
28696
8337
8881
9336
19207
29924
15487
12781
20960
29274
25722
12754
13432
13264
13942
3735
5125
1573
27405
28083
16694
31754
25664
4593
32343
31610
8206
22420
16443
2910
31372
16202
30416
131
24497
10228
32056
25346
30388
18602
3432
23513
25883
1633
6654
16785
22652
25022
22542
10756
2241
1285
16705
29508
8529
15242
29343
14231
26640
14100
32431
26454
8181
21662
3108
30916
539
19829
23384
11766
14136
29422
28579
20156
3181
7637
17508
21570
2396
27666
24248
18497
14493
17709
30964
27018
9368
22715
4442
11042
11439
22269
18943
50
13158
17107
21734
22525
29238
2844
23826
23243
10611
2716
17776
3904
31315
25451
12559
18313
4496
16737
13411
1286
7605
25802
18585
6686
11481
30377
825
25643
28880
1866
29390
3054
22118
6835
4975
20466
28532
9810
18722
31131
6487
4627
22246
24503
24167
17231
8603
31842
23214
32218
17781
24213
23199
3686
10286
7580
25031
31518
31463
19677
2928
9641
23968
8777
15603
22316
6300
31512
13804
20517
17212
6272
8022
26466
24832
15584
6336
20529
23745
341
2711
27923
6098
11232
28850
21294
9621
10412
6240
13912
16282
10510
7071
1827
3690
10742
19373
23322
8286
26223
27973
8460
30514
6264
16981
18484
29540
12565
20350
29375
162
21031
15075
131
18462
27826
9159
12714
21006
9819
26797
24091
29561
519
17894
3793
15041
940
12168
10417
8335
9410
29769
23321
21571
28568
7366
18700
9342
5167
8069
16138
30349
2266
28941
8472
30111
14092
12290
8741
27915
25212
24729
28168
24393
17680
18135
15765
2684
17741
22292
24326
27032
27487
15698
29576
3518
32645
3716
7888
29380
4168
22276
4678
28574
7592
26546
31964
18370
2864
6303
16085
1025
11519
22013
17838
20211
30418
3328
13648
26793
29499
5759
12304
19240
14020
7533
768
15205
20849
16054
27788
16604
2503
1547
13559
21176
5896
8489
29382
28985
29666
172
19065
29953
15965
16567
8788
10761
29828
23115
23118
5013
23142
21566
697
18805
14123
309
6567
30689
4692
19975
7007
8134
29174
17724
27506
4893
18371
23056
23450
2022
5009
3977
10635
29415
22763
26202
1616
24256
11001
10723
22002
1307
7397
23926
13304
22439
3775
21202
13084
16636
10265
21119
29014
22081
8487
1554
1105
17234
14058
26690
22295
15414
26021
11581
18804
17393
6080
15841
17701
13080
10484
10038
9247
5338
26317
24289
23165
18144
16174
27114
4806
21781
32275
8755
6672
22410
14625
15737
24026
15230
10496
23693
26686
13794
28964
24343
26936
23839
16280
12505
13406
21170
24389
12826
5047
23714
22703
14411
16805
7557
27070
24367
27919
3333
26230
29315
945
15159
13302
4277
30112
18549
19984
5037
24217
27769
16493
590
2450
17153
3165
23078
19975
28270
22403
31767
29931
5565
3821
18258
3824
2187
15558
2303
10687
19489
19037
31223
19773
7990
12162
25891
14615
740
8809
5086
22504
3330
13424
8430
19370
1778
2566
25243
17684
7590
21844
4136
8418
30246
17339
923
8989
12006
30450
16966
29262
31412
25319
24531
3479
20005
23780
17464
1115
10983
21700
6951
23816
17100
16199
19702
24723
32053
1301
11059
27298
1863
14785
28886
31253
19888
3026
14922
10524
31793
10588
25248
29197
9217
30196
8878
2568
30938
22756
23434
29722
26170
14155
16925
16757
2653
29331
27004
5799
10084
5353
12686
23003
17252
25400
6113
30079
10679
2622
26588
12264
24487
124
29899
18113
9265
23024
23815
31062
15046
3706
12166
31969
21875
23958
12905
26597
25522
4598
26826
2463
15431
13430
21835
26343
7337
27027
7514
19862
29437
25885
14545
9808
114
10211
21374
23603
7813
12208
31779
28120
17067
8885
74
7746
15525
10788
19480
27998
23200
26275
31183
29995
12568
32371
1744
10769
14984
10925
18817
12226
12171
30722
43
10674
20432
26238
8197
4138
25566
14287
30572
226
25438
13713
23810
29616
17830
10468
22257
6180
30720
23164
28124
10416
10120
25400
21961
11140
23549
13675
10123
169
23063
16805
5306
1754
2765
24578
10254
10306
4161
5239
6876
30616
19450
23878
581
12990
14069
23885
7242
6229
15632
19126
30689
14960
14624
27366
17892
13296
14026
29312
31462
1290
28640
25580
28176
6797
22703
10584
7591
11766
19859
24880
6772
16869
14789
15580
4240
25714
29776
10935
15956
1412
32433
26169
30765
19825
27830
1775
10580
16447
30261
28273
4869
3681
20320
6509
23087
16151
19281
23456
25539
8677
31977
10772
19510
24910
2126
11090
28068
29146
30163
2636
10928
9095
2944
22008
5885
10680
14681
24311
24989
1918
11450
5537
28095
9425
15603
30660
12329
4037
29087
31793
10924
6523
20047
3408
192
29472
25410
13508
31329
6938
22954
12237
335
29841
16586
19799
25709
27569
17359
2299
24078
20016
24301
6816
23033
27318
18180
8196
29749
12151
19594
18736
25446
17041
15517
14567
15581
8755
11436
24914
4778
1449
14994
26780
13299
27556
28457
2399
18302
4155
4943
17462
13488
18506
20479
14725
24321
26181
15464
14887
19285
1800
1235
22562
6769
21206
13873
5782
4426
23093
12330
16728
17177
538
1485
10168
12254
3351
2673
22299
22723
3659
28981
9239
11899
21373
23233
30383
4325
31452
28630
2865
4612
24406
3512
19021
19864
8142
25963
19870
11465
25215
24424
25719
20765
19467
32099
32548
2461
824
13795
18080
31625
14421
17014
8035
7525
10457
31662
12381
16440
4031
14045
3328
6428
4904
4293
31136
15850
30220
5234
8392
3991
10994
9186
27627
1770
6168
16940
9155
26872
28732
30253
18229
25785
4916
10056
25000
14283
6443
2469
9912
27675
725
28472
3938
496
10578
31444
15370
7032
5508
29871
22448
20811
25829
14718
18111
30743
27414
3036
32362
9688
22998
22274
21370
21480
23202
27374
28953
29628
28000
32398
16718
18624
28434
20988
7800
28159
11520
28608
8163
16791
26265
30730
30052
18489
12002
8096
21067
24619
4663
13291
16843
12668
22566
11229
11397
29285
15071
23812
25828
25996
1010
23174
15795
622
31246
225
24505
32287
24728
4998
1895
16219
7462
7743
26523
29962
12658
18970
15021
18042
10822
28530
7548
4848
4057
10260
2634
5566
8046
26093
24523
18372
2466
3031
11097
18317
25876
24062
14026
11207
27800
9020
1464
9240
6760
6140
1122
8140
7749
13278
17385
28609
15131
6348
4375
11595
1501
23769
10291
16891
1916
10321
32543
16640
28756
1742
30112
14673
15238
2493
17327
31135
9820
32268
3361
10694
27220
23668
30314
4879
6180
11888
4106
9747
23002
9231
29031
13748
8303
8981
28891
19417
20874
29676
8471
3294
24050
25348
24560
24551
12936
29010
16290
32309
15392
21305
21250
8786
384
16357
18840
5362
14491
25321
20303
15285
12659
25294
28510
30
32621
12488
14971
27673
12390
6694
9290
13398
653
20847
10439
22341
18902
15350
25548
6994
29106
23929
16486
19815
21620
11346
7287
6273
7880
16059
269
13072
9453
31507
32185
10485
19510
14605
17482
14993
26556
25035
22974
3855
5718
14123
26691
17049
4924
11704
12101
8662
5730
1491
26309
16722
10658
18556
11000
19066
12289
15111
23403
28830
11968
16763
1132
27190
11907
26741
17744
23611
28406
931
7644
19940
540
6926
30333
16629
32422
26210
5964
29991
5427
5824
19925
2950
5253
9034
12363
21455
19595
2452
15707
357
4984
2278
13640
31803
32481
32313
24296
7208
7605
13313
12864
28657
26730
13478
10039
3442
12492
20897
26764
26755
27659
19257
21853
15210
11884
98
11820
23609
32014
20253
11851
26798
5932
31190
19404
14386
7630
1033
22861
27262
8754
12929
12874
22037
22941
4500
1907
21017
11036
18482
22837
7667
6653
2481
22550
22721
20861
20718
29349
24951
15929
3004
11522
6617
21631
4149
18250
27840
14182
19429
20953
11730
2256
735
10606
7439
19848
31707
18452
19640
25837
18165
4238
22679
19549
5283
17295
23153
31955
28287
27343
29377
9015
22206
16113
10026
24124
25450
30755
28159
11966
26910
4749
22570
19595
5494
29524
13838
14513
16773
28559
17928
20295
25826
21251
7883
25032
12397
11227
21321
25160
24702
14492
22674
12577
31330
18695
21688
193
11979
3974
32567
6243
29647
26718
30157
11200
5733
5788
6155
15403
26630
20876
4964
30912
31248
29458
11973
24385
25900
8415
18289
8418
9799
26774
14765
28356
13742
20678
21414
30509
3831
12746
17990
5236
441
24584
28136
17786
24163
31945
26750
29343
3346
17050
5728
17575
22086
3975
31383
21179
9138
23575
26061
849
10937
4224
31131
10164
28605
31937
1310
30236
8747
27249
4267
12669
20286
24797
15146
6689
3699
7153
10592
27854
20014
2691
31064
30893
13326
26917
16600
7236
22794
25054
22345
29748
12715
19205
14804
25457
25008
14291
23625
28023
8119
23063
18601
30729
13244
30347
32207
19917
1473
20247
22953
24929
16949
11195
15034
3245
23656
5325
4088
23375
28240
26945
9967
22877
19548
20849
826
17041
16705
26799
30571
4513
20028
15853
22184
4586
16827
28946
9375
24945
22462
31231
11495
2977
19891
28406
25703
3142
18382
24872
15847
20691
15050
20694
16434
2333
10628
29295
32447
28498
23144
540
20166
14925
4208
1438
2339
23944
8065
25886
4571
29160
25544
12289
23855
8908
11459
28834
16764
9650
2430
11794
17350
824
6468
4211
1664
20618
17628
28528
31008
11724
5906
1731
494
15157
22518
2382
27258
28498
19693
12980
12305
7244
25798
5216
3072
26189
32395
12595
13136
24079
25823
27967
1512
12003
19162
24201
25499
23352
15457
2425
16300
1576
3076
20335
18188
6063
23994
18130
13106
18973
28578
9062
660
26712
32579
30206
16502
12813
22397
17999
30741
13766
3892
2145
30023
32506
27485
30188
19022
24263
3904
22547
1342
8275
8217
8049
713
6354
3269
24138
15110
30903
30335
8507
11610
22639
13165
27599
16433
16375
9039
29175
12047
7084
16781
26878
8715
8373
10291
29894
2993
26791
27295
2367
1912
4074
21785
15689
19977
22060
9819
11456
16111
24516
30942
7703
7761
18191
9957
21367
20466
23395
7770
2752
5116
14987
11240
29684
15751
5031
3510
16478
9542
22812
5104
30875
21905
14462
17559
2276
10260
11555
5804
9353
6195
1623
27360
3110
3388
20873
2200
2032
9304
21713
23888
13733
1947
21344
20443
17789
19200
4497
1171
22938
17407
32128
28289
17349
12982
30580
26402
18846
30855
8123
29951
4870
24047
12313
2219
3230
9036
10673
31008
18150
9687
15215
4608
20514
3817
14155
28369
3267
14097
24246
4733
18434
4028
15591
28446
12036
22353
32224
5543
21748
19888
1267
10292
18615
23523
29610
17598
22671
9413
31015
11914
4978
9373
15973
21666
8634
11117
23951
18087
16786
20961
27274
25973
13341
22213
9581
7434
6533
2694
22097
9065
10589
5150
11463
32558
21218
2377
8244
17849
4484
31666
6057
12883
2276
954
11784
4561
21426
28078
26664
8336
25442
29956
12807
8122
8687
10150
9982
8773
5447
5951
27999
9897
12600
12771
25647
997
1168
10639
24740
19435
16729
7906
29447
22511
25553
1923
26848
14045
21848
9100
23537
5713
5035
973
26802
15105
1004
8334
5118
15945
16959
15942
16018
19457
1633
25996
7552
8340
8508
4086
9950
24894
2953
28895
31601
1200
26656
28290
30037
30825
13960
19091
32456
18955
30628
6375
27241
10602
14661
13137
32558
17385
17553
9768
28942
21383
7902
25476
264
28744
1840
31279
27950
24621
26389
1177
12117
30671
26383
22941
8028
32617
185
11351
6724
16931
1138
20785
20107
8599
31496
17395
16717
924
25434
24756
1462
27743
27966
2247
10875
20969
26402
4800
6547
11904
15343
10603
5808
6969
7983
28342
31048
10347
23712
25987
32697
3707
2803
8328
769
32013
16312
18340
14165
6832
6154
25948
15851
29802
25627
7183
16092
25340
4697
17329
19076
24467
16908
22378
7205
23615
27280
3760
1805
27521
20921
9358
18438
5577
19281
26645
32735
25796
31040
31660
29290
16542
2291
20958
9902
32518
23887
422
5532
17938
8913
5584
30512
27409
7893
22293
578
28212
12419
32271
27137
2093
6863
2688
24626
5449
12724
6799
22082
31352
26331
27064
5235
7602
22039
30496
29458
26975
29400
20149
22629
4240
27757
31217
22812
6738
31947
1772
17675
20210
10092
4790
8229
20974
29489
14765
4048
9313
1134
9649
21774
16356
10715
30228
9338
19658
4711
12493
25461
2167
5719
13409
7881
24856
13293
28576
542
5786
20935
9485
8920
28656
31362
2992
4006
12035
20999
20208
18910
2891
30977
15297
16064
3258
9968
943
7259
20963
13987
10884
10206
14378
12234
7213
6422
24469
14800
2165
20212
7577
20548
11636
30190
25752
12384
30318
19601
12610
12216
18213
12349
13140
28707
16921
29217
18784
13766
572
10669
27928
17834
25054
2890
1143
2909
30659
30378
30210
17972
19160
7374
20403
27962
19334
23170
29321
29040
17099
13321
29114
9714
26863
24270
24948
9552
21961
7637
5664
22303
31838
15709
22887
161
1685
32593
30620
5072
24759
10209
23464
6489
6321
20422
5026
16211
3466
2452
31668
2003
16950
12552
8438
21919
12671
3591
4495
13746
2751
31925
5870
13429
23581
6719
2547
19299
7571
17668
16202
73
25511
10286
13502
3647
208
8726
27228
15555
31629
3149
9920
29210
10937
19229
18554
904
21618
21676
4814
28502
14911
9218
22473
26028
27552
20277
18417
14416
14248
19382
29492
27632
30341
11845
22562
26117
21267
401
16194
13488
27253
23701
32387
13720
25467
29416
8269
6296
18818
25983
23390
17187
23054
17529
25088
18885
23060
30958
11403
26124
28607
860
28103
24777
26133
27657
23485
7130
2564
24392
27382
1327
3148
20013
21311
27178
9076
14943
12011
9418
5698
2146
21323
17884
15178
13996
22020
15930
9672
7812
31106
14131
2064
2629
25190
23330
15493
9403
8389
11324
18502
8182
9538
5027
10781
25447
21895
10842
13890
29570
24665
14910
6621
17409
24122
32527
30780
18994
4050
13301
14938
20805
20750
27576
27521
12464
8179
27314
526
23200
6451
20045
5721
27436
3919
27439
14807
8943
13964
31675
4774
1181
16354
9418
30626
1920
6434
11342
1361
6495
2097
22233
5484
19924
2949
23043
3530
7931
16223
14702
265
16058
5344
2638
1624
14372
16235
26952
21201
26687
18511
7458
30245
26693
7855
27542
25346
2898
14858
23260
1212
15710
26763
11722
2245
388
30960
14828
23856
3494
791
620
6884
27643
15741
23923
7171
4707
28450
8488
27329
6967
14923
25976
27164
886
24403
4554
13802
24409
31965
5306
4915
15009
1195
23866
6555
24263
21334
2444
32616
30420
8592
1433
26041
26829
12169
5456
26102
2582
26499
20632
25204
17312
27293
3440
30341
21490
15529
6504
25684
19252
588
25910
11476
20672
9109
16558
13510
4885
21860
14927
4510
20752
1242
9925
23183
23351
3841
24768
9821
3734
3902
5484
26802
19304
13795
21577
18929
16672
1392
31625
8951
25706
23223
2302
14088
6535
28360
4901
28662
26518
8474
9769
1144
32501
17389
3575
1092
21964
31099
2903
8828
31838
16177
22548
1966
27288
32312
332
28366
3667
732
11904
13425
8184
22004
14558
363
6453
20896
28678
19714
18419
11932
14699
4434
11770
19213
11434
21024
2693
24369
5192
11343
5085
3335
12250
30071
28553
27988
17332
11578
27203
30816
7128
19046
31287
266
1567
2355
15332
27231
19055
5241
15335
32597
13872
4401
13649
13891
21001
8366
18805
28899
31892
9218
18979
31220
4316
31730
5504
25304
18591
17087
25211
8459
15795
29612
17603
27813
21326
1816
8752
12704
23024
32275
15035
24509
29307
29475
2351
8441
20853
19216
30782
1343
26891
14769
21705
29887
21708
12082
15634
8924
1991
4697
8649
21507
23654
18746
29692
32172
13844
28568
2962
1457
25426
22723
8509
5296
20020
843
19290
25154
9141
19574
9144
2431
21101
9896
27604
22051
16184
4401
4682
6942
23807
2092
17888
22967
30633
12699
12198
6105
11972
25359
21694
89
19153
16227
3479
28691
21422
21874
3540
28752
17027
14547
8228
25338
32558
688
4017
13106
23536
1372
27830
17736
26981
4310
27045
6799
13509
16970
21032
9466
3376
13760
16976
6256
27125
10214
15455
13595
20595
23698
28093
32042
27666
23714
24392
10355
16729
6009
25186
9234
3590
16958
4613
20406
15495
14594
16250
28039
32605
5258
9433
10670
17551
25623
19759
27709
6284
6229
10905
8538
16342
17411
31005
5518
12231
6700
25990
22218
4055
19961
31304
1019
4794
8178
24329
812
17164
30532
26705
9443
31158
4037
18984
311
16104
4098
12390
7763
12070
23126
14098
18554
22170
18957
7391
7061
20316
28434
14110
16880
28104
2269
16709
23441
12159
15601
10870
30441
20567
29931
10989
32191
12565
18551
19003
31125
10729
1481
9880
18285
2276
9835
13384
15873
15705
16096
18353
4035
19034
15369
21932
15222
1851
5186
32090
17027
29155
31305
30404
17879
11175
855
6209
4068
26028
3131
9218
3473
11652
25353
14865
10980
4890
21862
30386
25142
999
15778
4011
30689
31532
3226
12929
17324
24657
13158
10730
12254
22
700
7352
28108
6302
19835
7936
9127
12456
11155
18601
673
18830
4393
621
28371
17877
902
11244
30534
17615
27266
3016
23
3352
15541
13061
26029
23103
5395
18476
5844
26226
19516
14831
9700
29503
9257
14724
1872
26012
13206
4578
14962
10057
26296
1445
30154
21972
31336
1677
26663
20512
24974
5800
22265
24748
26672
8231
8002
5541
9942
7569
18631
30194
25735
25567
16099
29467
10513
9505
14187
21630
32683
23118
12401
8959
22278
14099
29043
10599
10834
31700
7560
19120
6778
3223
17660
20672
19994
2509
29523
5844
24511
4488
18586
14591
7991
3703
24636
20574
22941
1846
1700
26909
10044
10053
10954
7512
28491
29459
1709
26072
28619
21906
32733
30049
21531
29933
19723
3151
4785
6306
31582
2986
503
9751
6376
19741
4455
29576
15136
29347
4315
4257
12039
16605
15994
17741
24790
13349
27053
23272
5787
15906
22842
18102
26571
3277
2599
23804
25899
2605
8017
8252
1765
22970
577
25811
22708
19660
1396
25985
18539
19721
22607
13750
18035
5806
13362
26388
27289
19981
11970
25448
30872
3122
8647
16203
1549
28844
19593
1555
25072
7868
30539
2194
4787
26273
31358
30906
7386
23796
27528
19969
21151
14844
630
10272
3165
28399
29975
9952
32577
12554
1330
765
28353
27675
22596
8223
25198
4781
20064
7115
13880
31701
27367
27535
10050
518
9720
15810
31655
24389
9949
16772
14854
29203
18822
27337
8114
25822
26158
9360
11953
9302
24359
19405
26961
12802
28617
17674
31998
809
10970
25294
4312
7760
17854
5219
27890
22035
16168
995
28742
27018
27861
2368
7453
20085
18390
13
31257
17269
31706
9548
2328
6726
2576
3590
2799
8889
7768
28973
29874
3376
18546
9634
31572
11616
26053
31520
22294
21616
21784
22798
28955
8086
2445
18574
12264
15816
14292
258
14582
13510
29413
22328
10032
30165
23745
31753
31695
11342
16360
30177
22111
8697
7399
30070
22985
30541
30089
2565
15264
13007
2852
17243
2635
29536
22606
29316
30443
16455
29845
30239
9501
8307
1597
4700
21226
22234
5485
1707
23468
15686
1982
18105
13481
4233
5531
24641
12406
2312
8958
21987
11047
25768
9685
24519
27002
13008
22766
3424
1384
10409
17122
4594
14523
24788
26642
9441
12431
24211
8751
14676
26746
24819
30237
4915
8797
22052
31923
26679
20635
21936
1577
13073
6024
3318
5801
14646
30552
11549
10581
20339
5056
658
23885
23268
17685
26136
9274
7585
9549
11299
12090
21332
26466
18119
16702
30351
20483
15343
12130
11962
19689
334
13815
31359
21197
10257
13021
15504
18879
1962
15330
11091
26151
11094
14478
7701
6687
2628
25189
29355
19148
5783
1712
19536
7637
31994
130
15923
4418
3337
27816
15071
9931
4293
27981
26121
30342
22731
10945
9244
13700
10994
13703
15160
27682
23455
29481
28467
24182
14934
26204
31225
16507
3808
16950
18474
32407
29521
26760
24393
23312
3631
10231
30527
9209
31037
8751
10
22290
17272
17657
8409
7960
1690
17709
2991
5981
21820
24755
3776
890
16683
2078
11949
10868
13916
20516
29361
7255
7087
23726
24337
7362
7194
19481
21005
16720
8092
9549
13443
21622
3801
32104
18626
2216
6944
14222
26744
7231
5304
9253
9030
6257
4736
21601
20859
9073
9864
18269
29145
8279
10762
21751
5002
3368
10973
21070
25358
22878
1832
25352
12720
8481
1771
25291
16043
5882
30248
20154
12531
20936
23532
19360
11737
24992
24317
5076
23633
23465
11566
3210
22726
675
5583
7379
5012
22497
26492
11548
21758
11551
22201
18988
6356
31275
14639
1048
20564
17791
16157
19712
2670
4533
1827
32115
6219
29229
16035
27421
32439
5315
24715
1415
21774
13656
3785
7557
14554
24028
4958
7664
10657
5297
19334
21255
18885
29199
31905
5627
1226
14417
16784
12050
6742
26762
22367
2118
8202
197
27944
26640
469
924
5096
16482
1822
13608
31649
8862
32046
23641
28259
176
20309
24927
30791
11055
26112
23962
25263
9470
5628
10646
13639
5234
24121
12445
19329
28177
22310
9962
21015
30089
27554
31106
24106
7354
24897
15026
29909
4923
583
14620
22402
354
1255
1924
2092
15350
30633
25325
7562
8576
1576
2590
16581
15057
4841
13356
8961
31858
14028
23902
20912
5339
6240
14703
7144
32179
29757
3699
31385
19596
6289
16383
6732
27317
926
4247
17838
27486
23650
1535
1477
7121
7457
13147
20144
11739
26057
5921
26680
28653
3887
12628
19793
20294
13468
7381
1233
10927
11095
7207
27566
3646
9119
12671
17063
13734
11031
19039
25291
12210
16608
14177
9269
22527
16434
28382
22295
15301
800
19128
27310
14950
24424
7226
24088
5131
3494
25777
25832
220
162
32594
23789
26269
21648
24073
2578
8442
13182
19492
31278
7990
18930
7587
28175
28004
23261
13051
13506
8873
10620
17730
7465
12929
22177
25509
14502
13937
17043
26517
22055
6149
18674
17037
2536
10941
11842
26725
10932
8342
12853
5007
16796
